código,etapa,ano_ou_faixa,campo_experiência,componente,número,habilidade,unidade_tematica,objeto_conhecimento,em_foco,mf_classificacao,mf_conhecimento_previo,mf_objetivos,mf_competencias,mf_habilidades_relacionadas,mf_comentarios
EF01CI01,Ensino Fundamental,01,,Ciências,01,"Comparar características de diferentes materiais presentes em objetos de uso cotidiano, discutindo sua origem, os modos como são descartados e como podem ser usados de forma mais consciente.",Matéria e energia,Características dos materiais,sim,AF,,"• Reconhecer a utilidade dos objetos para a realização de atividades da vida cotidiana.
• Relacionar as características dos objetos com sua utilização.
• Comparar os objetos por meio da análise dos materiais de que são feitos.
• Identificar formas adequadas de descarte de diferentes objetos.
• Discutir os riscos, para a saúde e para o ambiente, do descarte inadequado de objetos.","CE: 5 e 8
CG: 2 e 10",,"O tema está alinhado ao Objetivo de Desenvolvimento Sustentável (ODS) 12, sobre consumo e produção sustentáveis. Comparar está relacionado a compreender fatos e classificações. Para desenvolver essa habilidade, podem-se usar estratégias para que os estudantes observem e manipulem diferentes objetos do cotidiano, identificando algumas características dos materiais que o compõem e se podem ou não ser reciclados ou reutilizados."
EF01CI02,Ensino Fundamental,01,,Ciências,02,"Localizar, nomear e representar graficamente (por meio de desenhos) partes do corpo humano e explicar suas funções.",Vida e evolução,Respeito à diversidade,sim,AF,,"• Desenhar e nomear partes do corpo humano.
• Explicar a função das partes do corpo representadas em desenhos.
• Identificar as funções de diferentes estruturas do corpo humano (olhos, mãos, pés etc.).","CE: 6 e 7
CG: 2 e 8",,"A observação, a classificação e o registro são procedimentos muito utilizados em Ciências da Natureza. Por isso, é importante detalhar habilidades relativas à investigação. Isso pode ser feito pela construção de um modelo ilustrado ou tridimensional pelo estudante, identificando as partes do corpo e suas respectivas funções, ou pelo reconhecimento do corpo em outros modelos, como bonecos, pinturas e fotografias."
EF01CI03,Ensino Fundamental,01,,Ciências,03,"Discutir as razões pelas quais os hábitos de higiene do corpo (lavar as mãos antes de comer, escovar os dentes, limpar os olhos, o nariz e as orelhas etc.) são necessários para a manutenção da saúde.",Vida e evolução,Respeito à diversidade,sim,AF,EF01CI02,"• Identificar e listar os hábitos de higiene do corpo.
• Reconhecer a importância de hábitos diários de higiene do corpo humano para a manutenção da saúde.
• Valorizar o autocuidado por meio de hábitos de higiene.","CE: 7
CG: 2 e 8",EF01CI04,"Tema relacionado ao ODS 3, que promove a boa saúde e o bem-estar. Discutir, nesse caso, significa estabelecer relações entre a prevenção de contágio ou de proliferação de doenças e os hábitos de cuidados individuais. É importante relacioná-los com a proteção contra doenças causadas por microorganismos, como a cárie, ou a interrupção de patologias contagiosas, como a gripe e associá-los a atividades do cotidiano, como andar calçado e comer alimentos higienizados."
EF01CI04,Ensino Fundamental,01,,Ciências,04,"Comparar características físicas entre os colegas, reconhecendo a diversidade e a importância da valorização, do acolhimento e do respeito às diferenças.",Vida e evolução,Respeito à diversidade,,,,,,,
EF01CI05,Ensino Fundamental,01,,Ciências,05,"Identificar e nomear diferentes escalas de tempo: os períodos diários (manhã, tarde, noite) e a sucessão de dias, semanas, meses e anos.",Terra e Universo,Escalas de tempo,sim,AF,,"• Relatar atividades diárias e relacioná-las com diferentes períodos do dia.
• Identificar dias, semanas e meses no calendário.
• Elaborar rotina de atividades escolares diárias e semanais.","CE: 2
CG: 1 e 3",EF01CI06,"Para essa habilidade, é importante que os estudantes exercitem a observação, a exemplificação e o relato de características observáveis dos períodos diários. O relato pode ser feito por meio de pequenas descrições orais ou desenhos, principalmente considerando a etapa de alfabetização em que se encontra a turma. Elaborar uma rotina de atividades diárias pode ajudar o estudante a reconhecer e demonstrar as marcações de tempo estabelecidas pela humanidade, como calendários e horários."
EF01CI06,Ensino Fundamental,01,,Ciências,06,Selecionar exemplos de como a sucessão de dias e noites orienta o ritmo de atividades diárias de seres humanos e de outros seres vivos.,Terra e Universo,Escalas de tempo,,,,,,,
EF01ER01,Ensino Fundamental,01,,Ensino Religioso,01,"Identificar e acolher as semelhanças e diferenças entre o eu, o outro e o nós.",Identidades e alteridades,"O eu, o outro e o nós",,,,,,,
EF01ER02,Ensino Fundamental,01,,Ensino Religioso,02,Reconhecer que o seu nome e o das demais pessoas os identificam e os diferenciam.,Identidades e alteridades,"O eu, o outro e o nós",,,,,,,
EF01ER03,Ensino Fundamental,01,,Ensino Religioso,03,Reconhecer e respeitar as características físicas e subjetivas de cada um.,Identidades e alteridades,Imanência e transcendência,,,,,,,
EF01ER04,Ensino Fundamental,01,,Ensino Religioso,04,Valorizar a diversidade de formas de vida.,Identidades e alteridades,Imanência e transcendência,,,,,,,
EF01ER05,Ensino Fundamental,01,,Ensino Religioso,05,"Identificar e acolher sentimentos, lembranças, memórias e saberes de cada um.",Manifestações religiosas,"Sentimentos, lembranças, memórias e saberes",,,,,,,
EF01ER06,Ensino Fundamental,01,,Ensino Religioso,06,"Identificar as diferentes formas pelas quais as pessoas manifestam sentimentos, ideias, memórias, gostos e crenças em diferentes espaços.",Manifestações religiosas,"Sentimentos, lembranças, memórias e saberes",,,,,,,
EF01GE01,Ensino Fundamental,01,,Geografia,01,"Descrever características observadas de seus lugares de vivência (moradia, escola etc.) e identificar semelhanças e diferenças entre esses lugares.",O sujeito e seu lugar no mundo,O modo de vida das crianças em diferentes lugares,sim,AF,"EI03EF01, EI03EO04 e EI03EO06","• Reconhecer elementos da paisagem nos lugares de vivência, identificando semelhanças e diferenças entre eles.
• Distinguir cômodos da moradia e/ou das dependências da escola, descrevendo suas características e usos.
• Indicar locais de trabalho e atuação de diferentes profissionais nos lugares de vivência.
• Comparar diversos tipos de moradia, descrevendo suas características e os materiais utilizados em sua contrução.
• Comparar características de parques, praças e demais espaços de lazer nos seus lugares de vivência.","CG: 1 e 2
CA: 3 e 7
CE: 1 e 3","AC:
EF01GE03: pode ser desenvolvida junto à AF.
EF01GE06: pode ser desenvolvida junto à AF.
EF01GE07: pode ser desenvolvida junto à AF.
AF:
EF01GE09: pode ser desenvolvida junto à AF.
EF01HI02: amplia o conhecimento da AF.","O desenvolvimento dessa habilidade possibilita que o estudante comece a reconhecer aspectos do espaço geográfico com base na noção de lugar, dimensão do cotidiano em que são construídas relações de afetividade e pertencimento. Torna-se importante desenvolver atividades que permitam abordar princípios do raciocínio geográfico como analogia e diferenciação, tomando como referência a observação e a descrição da paisagem e da organização de seus espaços de vivência como a moradia, a escola, a rua, o bairro, os espaços públicos de lazer, entre outros. Ao longo dos Anos Iniciais, o trabalho com as noções de lugar e paisagem contribui para a construção progressiva de outras noções de cidadania e sociabilidade. Ao se observar os lugares de vivência e as relações sociais neles estabelecidas, pode-se refletir sobre as formas de convívio de diversos grupos sociais e sobre a responsabilidade individual e, principalmente, coletiva de sua conservação.
Pode ser desenvolvido um trabalho conjunto com o componente História (ver habilidade EF01HI02)."
EF01GE02,Ensino Fundamental,01,,Geografia,02,Identificar semelhanças e diferenças entre jogos e brincadeiras de diferentes épocas e lugares.,O sujeito e seu lugar no mundo,O modo de vida das crianças em diferentes lugares,sim,AF,"EI03ET01, EI03EF02 e EI03ET05","• Comparar jogos e brincadeiras realizados em diferentes tempos e locais.
• Comparar brinquedos utilizados em diferentes épocas, considerando técnicas e materiais usados em sua confecção.
• Identificar diferentes locais em que brincadeiras podem ser praticadas (como dentro e fora da moradia).","CG: 1 e 2
CA: 3, 5 e 7
CE: 3","AC:
EF01GE06: pode ser desenvolvida junto à AF.
AF:
EF01GE08: pode ser desenvolvida junto à AF.
EF01GE09: pode ser desenvolvida junto à AF.
EF01HI05: pode ser desenvolvida junto à AF.","Essa habilidade tem conexão interdisciplinar com o componente História no sentido de desenvolver a habilidade EF01HI05, que também prevê que o estudante identifique semelhanças e diferenças entre jogos e brincadeiras atuais e de outras épocas e lugares. Ela permite que se reconheça o brincar, como direito fundamental das crianças, e que o aluno aborde princípios do raciocínio geográfico como analogia e diferenciação, a partir da identificação de diferentes espacialidades e temporalidades relacionadas a jogos e brincadeiras, manifestações culturais tão significativas para crianças de todo o mundo. Ao se trabalhar características de brinquedos e jogos físicos, também pode-se realizar um trabalho interdisciplinar com Ciências, tendo em vista a habilidade EF01CI01, em que se prevê que o aluno reconheça características de diferentes materiais presentes em objetos de uso cotidiano, conversando sobre sua origem, os modos como são descartados e como podem ser usados de forma mais consciente."
EF01GE03,Ensino Fundamental,01,,Geografia,03,"Identificar e relatar semelhanças e diferenças de usos do espaço público (praças, parques) para o lazer e diferentes manifestações.",O sujeito e seu lugar no mundo,Situações de convívio em diferentes lugares,,,,,,,
EF01GE04,Ensino Fundamental,01,,Geografia,04,"Discutir e elaborar, coletivamente, regras de convívio em diferentes espaços (sala de aula, escola etc.).",O sujeito e seu lugar no mundo,Situações de convívio em diferentes lugares,,,,,,,
EF01GE05,Ensino Fundamental,01,,Geografia,05,"Observar e descrever ritmos naturais (dia e noite, variação de temperatura e umidade etc.) em diferentes escalas espaciais e temporais, comparando a sua realidade com outras.",Conexões e escalas,Ciclos naturais e a vida cotidiana,sim,AF,"EI03ET03, EI03EF01, EI03EO04 e EI03EO06","• Distinguir características de uma mesma paisagem de dia e de noite.
• Reconhecer diferentes características do tempo atmosférico no lugar de vivência por meio da comparação com outras localidades ou  épocas do ano.
• Elaborar símbolos para representar características do tempo atmosférico.
• Relacionar diferentes condições do tempo atmosférico com os hábitos alimentares e o modo de vestir.
• Identificar materiais das roupas utilizadas em diferentes condições de tempo atmosférico.","CG: 1 e 2
CA: 3, 5 e 7
CE: 1 e 3","AC:
EF01GE06: pode ser desenvolvida junto à AF.
EF01GE10: pode ser desenvolvida junto à AF.
EF01GE11: pode ser desenvolvida junto à AF.
AF:
EF01GE08: pode ser desenvolvida junto à AF.","Considerando o princípio da analogia, essa habilidade possibilita que o estudante observe diferentes fenômenos e ciclos naturais no seu lugar de vivência comparando com épocas distintas nesse mesmo lugar ou com outras localidades (sincronicamente).  Ao se atentar às condições atmosféricas, o estudante pode estabelecer relações entre o tempo atmosférico com o uso de diferentes roupas (percebendo as características enquanto objetos) e reconhecendo as que mais costuma vestir ao longo das diferentes épocas do ano. Pode-se propor atividades nas quais tenha que contrastar a realidade do lugar de viver com condições de tempo atmosférico rigorosas existentes em outras localidades (local muito quente, muito frio, muito úmido, muito seco, com muito vento), atentando que as adaptações a essas condições dependem de boas condições socioeconômicas ou de infraestrutura. Importa também que o estudante estabeleça correlações entre ritmos da natureza, condições atmosféricas e hábitos de alimentação, podendo identificar alimentos que costuma comer em diferentes épocas do ano (como frutas sazonais e comidas frias e quentes, mais ou menos calóricas). Essa habilidade permite aproximação com o tema contemporâneo transversal educação alimentar e nutricional."
EF01GE06,Ensino Fundamental,01,,Geografia,06,"Descrever e comparar diferentes tipos de moradia ou objetos de uso cotidiano (brinquedos, roupas, mobiliários), considerando técnicas e materiais utilizados em sua produção.",Mundo do trabalho,Diferentes tipos de trabalho existentes no seu dia a dia,,,,,,,
EF01GE07,Ensino Fundamental,01,,Geografia,07,Descrever atividades de trabalho relacionadas com o dia a dia da sua comunidade.,Mundo do trabalho,Diferentes tipos de trabalho existentes no seu dia a dia,,,,,,,
EF01GE08,Ensino Fundamental,01,,Geografia,08,"Criar mapas mentais e desenhos com base em itinerários, contos literários, histórias inventadas e brincadeiras.",Formas de representação e pensamento espacial,Pontos de referência,sim,AF/AC,EI03EF01 e EI03EF06,"• Representar trajetos do dia a dia por meio de mapa mental.
• Representar brinquedos, brincadeiras e lugares de brincar favoritos por meio de desenhos.
• Representar atividades de trabalho, tipos de moradia e/ou ritmos da natureza por meio de desenho inspirado em contos literários, poemas, canções e histórias inventadas.","CG: 1 e 4
CA: 7
CE: 3 e 4","AF:
EF01GE01: pode ser desenvolvida junto à AF.
EF01GE02: pode ser desenvolvida junto à AF.
EF01GE05: pode ser desenvolvida junto à AF.","Essa habilidade está relacionada ao início do processo  de alfabetização cartográfica. Progressivamente, o estudante ao longo dos anos do Ensino Fundamental vai desenvolver atividades de interpretação e elaboração de diferentes formas de representar realidades espaciais. Nessa habilidade, prevê-se procedimentos de desenvolvimento do pensamento espacial a partir de representações espaciais dos lugares de vivência, assim como de outras elaboradas com base em referências espaciais imaginárias e lúdicas. É possível propor atividades que exijam elaborar mapas mentais nos quais se registrem diferentes trajetos cotidianos dentro da escola ou no seu entorno (como o trajeto moradia-escola). Também se pode solicitar a elaboração de desenhos representando objetos do dia a dia, podendo dar início às ideias de diferenciar escalas (tamanho real x tamanho reduzido) e distâncias."
EF01GE09,Ensino Fundamental,01,,Geografia,09,"Elaborar e utilizar mapas simples para localizar elementos do local de vivência, considerando referenciais espaciais (frente e atrás, esquerda e direita, em cima e embaixo, dentro e fora) e tendo o corpo como referência.",Formas de representação e pensamento espacial,Pontos de referência,sim,AF/AC,"EI03EF01, EI03EF06 e EI03CG02","• Interpretar e elaborar representações que indiquem o posicionamento (frente e atrás, esquerda e direita, em cima e embaixo, dentro e fora) de objetos cotidianos usados tendo o próprio corpo como referência.
• Representar elementos da paisagem no entorno da moradia e da escola, aplicando referências espaciais em relação ao posicionamento desses elementos tendo o corpo como referência.
• Elaborar e utilizar mapas simples para representar posicionamento de objetos e pessoas em jogos e brincadeiras, tendo o corpo como referência.","CG: 1 e 4
CA: 7
CE: 3 e 4","AF:
EF01GE01: pode ser desenvolvida junto à AF.
EF01GE02: pode ser desenvolvida junto à AF.","Essa habilidade, relacionada à alfabetização cartográfica, pressupõe a realização de um trabalho com lateralidade e noções topológicas (frente e atrás, esquerda e direita, em cima e embaixo, dentro e fora). Esses conceitos devem ser desenvolvidos progressivamente antes de o estudante operar noções espaciais projetivas e euclidianas, fundamentais para a leitura e interpretação de mapas (previsto pra ocorrer de maneira mais direta a partir do 4º ano do EFI). Para tanto, é importante propor atividades de orientação e localização espacial que tenham como referência o próprio corpo do aluno e, principalmente, a sua relação com objetos, lugares e pessoas. Podem-se desenvolver essas noções topológicas e espaciais com jogos e brincadeiras em grupo."
EF01GE10,Ensino Fundamental,01,,Geografia,10,"Descrever características de seus lugares de vivência relacionadas aos ritmos da natureza (chuva, vento, calor etc.).","Natureza, ambientes e qualidade de vida",Condições de vida nos lugares de vivência,,,,,,,
EF01GE11,Ensino Fundamental,01,,Geografia,11,"Associar mudanças de vestuário e hábitos alimentares em sua comunidade ao longo do ano, decorrentes da variação de temperatura e umidade no ambiente.","Natureza, ambientes e qualidade de vida",Condições de vida nos lugares de vivência,,,,,,,
EF01HI01,Ensino Fundamental,01,,História,01,Identificar aspectos do seu crescimento por meio do registro das lembranças particulares ou de lembranças dos membros de sua família e/ou de sua comunidade.,Mundo pessoal: meu lugar no mundo,"As fases da vida e a ideia de temporalidade (passado, presente, futuro)",,,,,,,
EF01HI02,Ensino Fundamental,01,,História,02,Identificar a relação entre as suas histórias e as histórias de sua família e de sua comunidade.,Mundo pessoal: meu lugar no mundo,As diferentes formas de organização da família e da comunidade: os vínculos pessoais e as relações de amizade,sim,AF,EI03EO06,"• Identificar aspectos do próprio crescimento por meio do registro das lembranças particulares ou de lembranças dos membros da família e/ou da comunidade.
• Conhecer as histórias da família e da escola e identificar o papel desempenhado por diferentes sujeitos em espaços distintos.
• Identificar mudanças e permanências nas formas de organização familiar.","CG: 1 e 3
CA: 2 e 5
CE: 2 e 4","AC:
- EF01HI01: pode ser desenvolvida junto à AF.
- EF01HI06: pode ser desenvolvida junto à AF.
- EF01HI07: pode ser desenvolvida junto à AF.
AF:
- EF01HI05: pode ser desenvolvida junto à AF.
- EF01GE01: amplia o conhecimento da AF.","É possível realizar uma articulação com a habilidade (EF01GE01), no sentido de complementariedade, uma vez que o componente História dá ênfase aos sujeitos e aos diferentes papéis sociais em espaços distintos (família e escola) e complementares. Já no componente Geografia, a ênfase recai na descrição das características e das condições de organização desses mesmos espaços (moradia e escola) e também, a identificação de semelhanças e diferenças entre esses lugares. Tal abordagem contribui para a construção progressiva de outras noções, como cidadania e sociabilidade. Progressivamente, ao se observar e caracterizar os lugares de vivência e as relações sociais neles estabelecidas, o estudante pode refletir sobre as formas de convívio de diversos grupos sociais e sobre a responsabilidade coletiva da conservação desses espaços, somado ao seu papel como indivíduo integrante do coletivo.
Desse modo, é possível realizar atividades que permitam ao estudante investigar funções e responsabilidades dos profissionais que trabalham na escola e no lugar de vivência e/ou de moradia, a fim de identificar o papel desempenhado por diferentes sujeitos em espaços distintos, permitindo, assim, uma aproximação com o tema contemporâneo transversal trabalho."
EF01HI03,Ensino Fundamental,01,,História,03,"Descrever e distinguir os seus papéis e responsabilidades relacionados à família, à escola e à comunidade.",Mundo pessoal: meu lugar no mundo,As diferentes formas de organização da família e da comunidade: os vínculos pessoais e as relações de amizade,,,,,,,
EF01HI04,Ensino Fundamental,01,,História,04,"Identificar as diferenças entre os variados ambientes em que vive (doméstico, escolar e da comunidade), reconhecendo as especificidades dos hábitos e das regras que os regem.",Mundo pessoal: meu lugar no mundo,A escola e a diversidade do grupo social envolvido,sim,AF,EI03EO04 e EI03EO06,"• Descrever e distinguir os papéis e as responsabilidades relacionados à família, à escola e à comunidade.","CG: 1 e 10
CA: 2
CE: 2","AC:
- EF01GE04: pode ser desenvolvida junto à AF.","Essa habilidade pode ser trabalhada de forma integrada com o componente Geografia, tendo em vista a habilidade (EF01GE04), pois possibilita que o estudante identifique as diferenças entre os variados ambientes em que vive (doméstico, escolar e outros lugares de vivência), reconhecendo as especificidades dos hábitos e das regras que os regem e viabilizam a convivência. É possível desenvolver o tema das responsabilidades do estudante relacionadas à escola e a outros locais (públicos ou privados) que frequenta, a partir do momento que ele reconhece que há normas e regras de convívio existentes nos espaços públicos e/ou coletivos. Atividades de construção coletiva de regras por meio da percepção das relações sociais estabelecidas nos lugares de vivência não só fomentam relações de afetividade, pertencimento, identidade e alteridade, mas se mostram fundamentais para a construção paulatina da cidadania em uma sociedade democrática. Essa habilidade permite aproximação com o tema contemporâneo transversal vida familiar e social.
É possível realizar atividades lúdicas, como brincadeiras e jogos teatrais, que possibilitem ao estudante vivenciar diversos papéis e funções, a fim de reconhecê-los por meio de encenações. Em seguida, sugere-se fazer uma reflexão coletiva acerca da exeperiência e construir um mural (tabela), em que o estudante deverá relacionar, associar, as funções e papéis para a família, escola e comunidade. Essa reflexão é importante para que o estudante possa identificar seu papel e sua responsabilidade para com a escola e com a família, permitindo identificar as mudanças e permanências na organização familiar. Desse modo, é possível uma parceria com o componente Linguagens, sobretudo com teatro. Sugestão de portal sobre jogos teatrais na escola:  https://www.teatronaescola.com/index.php/planeje-sua-aula. (Acesso em: maio 2020.)"
EF01HI05,Ensino Fundamental,01,,História,05,Identificar semelhanças e diferenças entre jogos e brincadeiras atuais e de outras épocas e lugares.,"Mundo pessoal: eu, meu grupo social e meu tempo","A vida em casa, a vida na escola e formas de representação social e espacial: os jogos e brincadeiras como forma de interação social e espacial",sim,AF,"EI03ET01, EI03EF02 e EI03ET05","• Identificar jogos, brincadeiras e brinquedos atuais.
• Conhecer jogos, brincadeiras e brinquedos de diferentes contextos, culturas e espaços.
• Conhecer jogos, brincadeiras e brinquedos por meio do levantamento de memórias de infância dos membros da família.
• Identificar mudanças e permanências nas formas de brincar.
• Vivenciar brincadeiras compartilhadas pelos membros da família e de outros contextos e espaços.","CG: 1 e 3
CA: 2 e 5
CE: 2 e 4","AF:
- EF01GE02: pode ser desenvolvida junto à AF.","Há a possibilidade de integração com a habilidade (EF01GE02), pois esta permite a identificação de semelhanças e diferenças entre jogos e brincadeiras atuais e de outras épocas e lugares. O desenvolvimento conjunto dessas habilidades permite explorar o brincar em diferentes vivências, espacialidades e temporalidades relacionadas a jogos e brincadeiras, manifestações culturais significativas às crianças de todo o mundo e distintas realidades socioeconômicas. Como possibilidade de prática, é possível orientar pesquisas e entrevistas com a família do estudante, para, em seguida, fazer rodas de conversa com a participação de membros da família, em que poderão narrar histórias e memórias de infância, enfatizando a importância de determinadas brincadeiras, jogos e brinquedos. Essas brincadeiras apresentadas podem ser experimentadas pelo estudante e as vivências poderão ser registradas e sistematizadas em cartazes."
EF01HI06,Ensino Fundamental,01,,História,06,Conhecer as histórias da família e da escola e identificar o papel desempenhado por diferentes sujeitos em diferentes espaços.,"Mundo pessoal: eu, meu grupo social e meu tempo",A vida em família: diferentes configurações e vínculos,,,,,,,
EF01HI07,Ensino Fundamental,01,,História,07,Identificar mudanças e permanências nas formas de organização familiar.,"Mundo pessoal: eu, meu grupo social e meu tempo",A vida em família: diferentes configurações e vínculos,,,,,,,
EF01HI08,Ensino Fundamental,01,,História,08,"Reconhecer o significado das comemorações e festas escolares, diferenciando-as das datas festivas comemoradas no âmbito familiar ou da comunidade.","Mundo pessoal: eu, meu grupo social e meu tempo","A escola, sua representação espacial, sua história e seu papel na comunidade",,,,,,,
EF01LP01,Ensino Fundamental,01,,Língua Portuguesa,01,Reconhecer que textos são lidos e escritos da esquerda para a direita e de cima para baixo da página.,Leitura/escuta (compartilhada e autônoma),Protocolos de leitura,,,,,,,
EF01LP02,Ensino Fundamental,01,,Língua Portuguesa,02,"Escrever, espontaneamente ou por ditado, palavras e frases de forma alfabética – usando letras/grafemas que representem fonemas.",Escrita (compartilhada e autônoma),Correspondência fonema-grafema,sim,AF,,"• Escrever palavras espontaneamente ou quando ditadas pelo professor respeitando as regularidades do sistema de escrita convencional (de forma alfabética).
• Escrever frases espontaneamente ou quando ditadas pelo professor de forma alfabética, empregando noções básicas de segmentação.","CE: 2
CA: 2
CG: 1","EF: EF01LP03;  EF01LP05; EF01LP07; EF01LP08; EF01LP10
AC: EF01LP04; EF01LP06;  EF01LP09;  EF01LP13","É foco, pois é uma aprendizagem que deve ser garantida no 1º ano e está relacionada às hipóteses de escrita dos estudantes.  Nessa etapa, é imortante criar situações em que o estudante possa escrever espontânemamente palavras e pequenas frases, trabalhando com textos como listas de nomes, lista de frutas favoritas, parlendas, adivinhas etc. Esse material poderá ajudar na formação das palavras estáveis que servirão de ponto de partida para escrita de outras palavras."
EF01LP03,Ensino Fundamental,01,,Língua Portuguesa,03,"Observar escritas convencionais, comparando-as às suas produções escritas, percebendo semelhanças e diferenças.",Escrita (compartilhada e autônoma),Construção do sistema alfabético/ Convenções da escrita,,,,,,,
EF01LP04,Ensino Fundamental,01,,Língua Portuguesa,04,Distinguir as letras do alfabeto de outros sinais gráficos.,Análise linguística/semiótica (Alfabetização),Conhecimento do alfabeto do português do Brasil,,,,,,,
EF01LP05,Ensino Fundamental,01,,Língua Portuguesa,05,Reconhecer o sistema de escrita alfabética como representação dos sons da fala.,Análise linguística/semiótica (Alfabetização),Construção do sistema alfabético,,,,,,,
EF01LP06,Ensino Fundamental,01,,Língua Portuguesa,06,Segmentar oralmente palavras em sílabas.,Análise linguística/semiótica (Alfabetização),Construção do sistema alfabético e da ortografia,,,,,,,
EF01LP07,Ensino Fundamental,01,,Língua Portuguesa,07,Identificar fonemas e sua representação por letras.,Análise linguística/semiótica (Alfabetização),Construção do sistema alfabético e da ortografia,,,,,,,
EF01LP08,Ensino Fundamental,01,,Língua Portuguesa,08,"Relacionar elementos sonoros (sílabas, fonemas, partes de palavras) com sua representação escrita.",Análise linguística/semiótica (Alfabetização),Construção do sistema alfabético e da ortografia,,,,,,,
EF01LP09,Ensino Fundamental,01,,Língua Portuguesa,09,"Comparar palavras, identificando semelhanças e diferenças entre sons de sílabas iniciais.",Análise linguística/semiótica (Alfabetização),Construção do sistema alfabético e da ortografia,,,,,,,
EF01LP10,Ensino Fundamental,01,,Língua Portuguesa,10,Nomear as letras do alfabeto e recitá-lo na ordem das letras.,Análise linguística/semiótica (Alfabetização),Conhecimento do alfabeto do português do Brasil,,,,,,,
EF01LP11,Ensino Fundamental,01,,Língua Portuguesa,11,"Conhecer, diferenciar e relacionar letras em formato imprensa e cursiva, maiúsculas e minúsculas.",Análise linguística/semiótica (Alfabetização),Conhecimento das diversas grafias do alfabeto/ Acentuação,sim,AF,,"• Reconhecer letras em formato imprensa e cursiva, maiúsculas e minúsculas.
• Comparar e diferenciar letras nos formatos imprensa e cursiva.
• Estabelecer relação entre letras nos formatos imprensa e cursiva, sobretudo na leitura de textos.","CE: 2
CA: 2
CG: 1",AF: EF01LP20; EF01LP24; EF12LP04;  EF12LP08; EF12LP11,"Essa habilidade foca no reconhecimento das letras em formato imprensa e cursiva, maiúsculas e minúsculas, e a relação entre elas. É importante destacar que, tanto nos livros de literatura infantil quanto nos diversos gêneros textuais que circulam dentro e fora da escola, os estudantes lidam com esses diversos formatos das letras. Nas atividades escolares, eles serão apresentados à letra cursiva, maiúscula e minúscula. No entanto, é  preciso apresentar essas letras em diferentes formatos e ensiná-los a traçá-las corretamente, uma vez que podem recorrer a traços incorretos, sobretudo na letra cursiva. Por isso, é importante que o professor aproveite os textos que serão lidos em sala, como as legendas, as manchetes, os textos versificados, para apresentar-lhes os diferentes formatos das letras e auxiliá-los a se apropriar deles para que possam avançar na leitura e na escrita."
EF01LP12,Ensino Fundamental,01,,Língua Portuguesa,12,"Reconhecer a separação das palavras, na escrita, por espaços em branco.",Análise linguística/semiótica (Alfabetização),Segmentação de palavras/Classificação de palavras por número de sílabas,,,,,,,
EF01LP13,Ensino Fundamental,01,,Língua Portuguesa,13,"Comparar palavras, identificando semelhanças e diferenças entre sons de sílabas mediais e finais.",Análise linguística/semiótica (Alfabetização),Construção do sistema alfabético,,,,,,,
EF01LP14,Ensino Fundamental,01,,Língua Portuguesa,14,"Identificar outros sinais no texto além das letras, como pontos finais, de interrogação e exclamação e seus efeitos na entonação.",Análise linguística/semiótica (Alfabetização),Pontuação,,,,,,,
EF01LP15,Ensino Fundamental,01,,Língua Portuguesa,15,Agrupar palavras pelo critério de aproximação de significado (sinonímia) e separar palavras pelo critério de oposição de significado (antonímia).,Análise linguística/semiótica (Alfabetização),Sinonímia e antonímia/Morfologia/Pontuação,sim,AF,,"• Identificar os sentidos de palavras.
• Agrupar palavras pelo critério de aproximação de significado (sinonímia).
• Separar palavras pelo critério de oposição de significado (antonímia).","CE: 2
CA: 1","EF: EF01LP01, EF01LP03 AF: EF12LP01  AC: EF01LP09","O trabalho com o léxico é essencial ao longo de todos os Anos Iniciais do Ensino Fundamental. No 1º ano, ainda que os estudantes não estejam alfabetizados, eles utilizam a linguagem em diferentes situações de comunicação e desempenham práticas de leitura, de escrita e de oralidade diversas. Isso significa que já possuem um bom repertório de palavras e até mesmo de textos. É importante que sejam propostas atividades por meio das quais eles pensem sobre o sentido das palavras, agrupando-as pelo critério de aproximação de significado e separando-as pelo critério de oposição de significado, conforme prevê a habilidade. Não se trata de compreender conceitualmente o que são sinônimos e antônimos de forma isolada, mas de pensar sobre os sentidos das palavras em uso, sobretudo nos textos. Por exemplo, ao escrever uma versão para a parlenda “Suco gelado”, a criança pode escrever (ditando ao professor) uma lista de palavras que substituam a palavra “suco”. Nesse caso, ela terá de pensar, pelo critério de aproximação, em bebidas como leite, água, vitamina, refrigerante, ou ainda, em sentido mais amplo, em comidas, como bolo, doce, torta, pudim. Assim, é importante que essa habilidade seja desenvolvida de forma contextualizada, articulada aos textos que são trabalhados nos diferentes campos de atuação. A escrita de listas de palavras tendo como critério o campo semântico – por exemplo, animais, brinquedos – também são exemplos de atividades que permitem desenvolver essa habilidade."
EF01LP16,Ensino Fundamental,01,,Língua Portuguesa,16,"Ler e compreender, em colaboração com os colegas e com a ajuda do professor, quadras, quadrinhas, parlendas, trava-línguas, dentre outros gêneros do campo da vida cotidiana, considerando a situação comunicativa e o tema/assunto do texto e relacionando sua forma de organização à sua finalidade.",Leitura/escuta (compartilhada e autônoma),Compreensão em leitura,sim,AF,,"• Participar de situações de leitura de quadras, quadrinhas, parlendas, trava-línguas.
• Reconhecer a situação comunicativa e o tema/assunto desses textos.
• Relacionar a situação comunicativa e o tema/assunto à forma de organização e finalidade desses textos.","CE: 3 e 9
CA: 1 e 5
CG:  1 e 3","AF: EF01LP18 ; EF01LP19; EF12LP04
EF: EF01LP01  AC: EF01LP12   EF01LP14","Essa habilidade relaciona-se diretamente à EF01LP19 e e foca na leitura e compreensão de textos versificados. Essa leitura pode ser feita com a mediação do professor, tendo como objetivo a precisão na decodificação ou, ainda, pode ser feita segundo as hipóteses dos estudantes que, ao ajustar a pauta oral ao texto escrito, percebem as especificidades da linguagem escrita em relação à linguagem oral, por exemplo, a segmentação entre as palavras e a própria organização da escrita da esquerda para a direita. Por isso, é fundamental que essas atividades de leitura sejam organizadas em uma sequência didática que possibilite aos estudantes ouvir e brincar com esses textos, memorizá-los para recitá-los, lê-los com a mediação do professor ou com certa autonomia, ajustando o oral ao escrito. Nesse sentido, também serão contempladas as habilidades complementares EF01LP01 e EF01LP12."
EF01LP17,Ensino Fundamental,01,,Língua Portuguesa,17,"Planejar e produzir, em colaboração com os colegas e com a ajuda do professor, listas, agendas, calendários, avisos, convites, receitas, instruções de montagem e legendas para álbuns, fotos ou ilustrações (digitais ou impressos), dentre outros gêneros do campo da vida cotidiana, considerando a situação comunicativa e o tema/assunto/ finalidade do texto.",Escrita (compartilhada e autônoma),Escrita autônoma e compartilhada,sim,AF,,"• Planejar listas, agendas, calendários, avisos,
convites, receitas, instruções de montagem
e legendas para álbuns, fotos ou ilustrações.
• Produzir em situações de escrita colaborativa textos desses gêneros em meios impressos e digitais.
• Considerar, na produção, a situação comunicativa e o tema/assunto/finalidade do texto.","CE: 3
CA: 1
CG: 4",EF: EF01LP01; EF01LP03;   AF:  EF01LP20; EF12LP10; EF12LP17,"A habilidade relaciona-se à EF01LP20 e, por isso, as atividades devem ser organizadas em sequências didáticas que articulem diferentes práticas de linguagem (de oralidade, de leitura e de produção) com esses textos. No caso dos textos que integram o cotidiano escolar, como a lista de nomes, de atividades diárias (rotina), as agendas, o calendário, bilhetes, avisos, é possível trabalhá-los de forma contextualizada utilizando-os para organizar o ambiente e as atividades escolares. Nesse caso, diariamente, os estudantes terão oportunidade de ler e de produzir oralmente e por escrito esses textos e refletir sobre a formatação e a diagramação de cada um deles. No caso dos demais textos como as receitas, convites e regras de montagens, por exemplo, é necessário que sejam pensadas atividades de leitura, de oralidade e de produção oral e escrita para que os estudantes compreendam a finalidade desses textos e sejam capazes de produzi-los em diferentes situações de comunicação."
EF01LP18,Ensino Fundamental,01,,Língua Portuguesa,18,"Registrar, em colaboração com os colegas e com a ajuda do professor, cantigas, quadras, quadrinhas, parlendas, trava-línguas, dentre outros gêneros do campo da vida cotidiana, considerando a situação comunicativa e o tema/assunto/finalidade do texto.",Escrita (compartilhada e autônoma),Escrita autônoma e compartilhada,sim,AF,,"• Memorizar e recitar quadras, quadrinhas, parlendas, trava-línguas, considerando a situação comunicativa e o tema/assunto/finalidade do texto.
• Registrar de forma colaborativa esses textos.","CE: 3
CA: 1 e 5
CG: 3","AF: EF01LP02, EF01LP16 e EF01LP19
EF: EF01LP03","Essa habilidade relaciona-se diretamente às EF01LP16 e EF01LP19. Por isso, é fundamental que as atividades com esses textos sejam organizadas em uma sequência que articule diferentes práticas de linguagem, a fim de possibilitar a escuta de textos versificados para que os estudantes possam memorizá-los e recitá-los, e lê-los com a mediação do professor ou segundo suas hipóteses, ajustando a pauta oral ao texto escrito, localizando palavras, percebendo a segmentação e a organização da escrita e, por fim, o registro escrito desses textos que pode ser feito tendo o professor como escriba ou ainda serem feitos de acordo com as hipóteses dos estudantes. Os estudantes podem registrar os textos que memorizaram durante as brincadeiras e as atividades de escuta. Nesse caso, desenvolvem, também, a habilidade EF01LP02 de forma contextualizada e significativa. Podem, ainda revisar seus textos tendo como modelo o texto escrito convencionalmente e, portanto, desenvolvendo a habilidade EF01LP03."
EF01LP19,Ensino Fundamental,01,,Língua Portuguesa,19,"Recitar parlendas, quadras, quadrinhas, trava-línguas, com entonação adequada e observando as rimas.",Oralidade,Produção de texto oral,sim,AF,,"• Ouvir parlendas, quadras, quadrinhas, trava-línguas lidos pelo professor ou recitados, em áudio e vídeo.
• Memorizar esses textos em situações lúdicas que envolvam brincadeiras ou a escuta por fruição.
• Perceber a entonação na escuta desses textos bem como as rimas.","CE: 3 e 9
CA: 1 e 5
CG: 1 e 3",AC: EF01LP06;  EF01LP09; EF01LP12; EF01LP14;    EF: EF12LP18;  AF: EF12LP01,"A habilidade de oralidade prevê a recitação de textos versificados que são facilmente memorizados pelas crianças. Esses textos podem ser aprendidos por elas por meio de atividades de escuta, de brincadeiras de roda ou de brincadeiras populares como pular corda. Essas atividades podem, se possível, ser desenvolvidas em parceria com o professor de Educação Física ou até mesmo de História, uma vez que abordam as brincadeiras populares – assunto que pode ser ampliado para diferentes culturas. É importante garantir que os estudantes tenham a oportunidade de ouvir e brincar com esses textos para que possam memorizá-los e, então, recitá-los, reproduzindo-os com entonação adequada e percebendo as rimas. Essa recitação será importante quando os estudantes experimentarem  ler esses textos, ajustando a pauta oral ao texto escrito e descobrindo as especificidades da linguagem escrita em relação à linguagem oral. A escuta e a recitação desses textos possibilitam também a exploração das palavras por meio do ritmo e das sonoridades e podem ser propostas atividades para desenvolver as habilidades complementares EF01LP06 e EF01LP09 de forma contextualizada e articulada aos textos trabalhados. Importante ressaltar que a rima é um recurso sonoro e que a grafia das sílabas que rimam podem ou não ser correspondentes. Por exemplo: anel e chapéu são palavras que rimam, mas a grafia das sílabas que rimam não é correspondente. As habilidades complementares preveem essas análises, reflexões e descobertas acerca da linguagem."
EF01LP20,Ensino Fundamental,01,,Língua Portuguesa,20,"Identificar e reproduzir, em listas, agendas, calendários, regras, avisos, convites, receitas, instruções de montagem e legendas para álbuns, fotos ou ilustrações (digitais ou impressos), a formatação e diagramação específica de cada um desses gêneros.",Análise linguística/semiótica (Alfabetização),Forma de composição do texto,sim,AF,EF12LP04,"• Ler listas, agendas, calendários, regras, avisos, convites, receitas, instruções de montagem e legendas para álbuns, fotos ou ilustrações para perceber aspectos comuns na formatação e na diagramação de cada um desses gêneros em meios impressos e digitais.
• Reproduzir, na produção de textos desses gêneros, a formatação e a diagramação específicas de cada um deles em meios impressos e digitais.","CE: 3
CA: 1 e 2
CG: 4",EF: EF01LP01 AF: EF01LP17   AC: EF01LP04; EF01LP09;  EF01LP13; EF01LP14,"A habilidade relaciona-se à EF12LP04 e prevê a identificação da formatação e da diagramação de diferentes textos do campo de atuação como listas, agendas, avisos e receitas. É importante considerar que, para que os estudantes desenvolvam essa habilidade, é preciso que sejam garantidas situações frequentes de leitura desses textos por meio das quais os estudantes possam perceber as regularidades de cada gênero textual a respeito da estrutura organizacional.  Não basta informá-los como tais textos se organizam, é preciso que eles identifiquem essas características, lendo e investigando os textos. Por isso, é importante que essas atividades estejam organizadas em uma sequência didática que articule diferentes práticas de linguagem relacionadas a esses textos, inclusive a escrita, ainda que seja ditando esses textos ao professor. Assim, os estudantes terão oportunidade de reproduzir esses conhecimentos em suas produções."
EF01LP21,Ensino Fundamental,01,,Língua Portuguesa,21,"Escrever, em colaboração com os colegas e com a ajuda do professor, listas de regras e regulamentos que organizam a vida na comunidade escolar, dentre outros gêneros do campo da atuação cidadã, considerando a situação comunicativa e o tema/assunto do texto.",Escrita (compartilhada e autônoma),Escrita compartilhada,sim,AF,EF12LP10,"• Reconhecer regras e regulamentos que organizam a vida na comunidade escolar.
• Registrar de forma colaborativa listas dessas regras e regulamentos.
• Reconhecer e considerar no registro a situação comunicativa e o tema/assunto desses textos.","CE: 3
CA: 1
CG: 4",EF: EF15LP05;   AF: EF12LP06; EF12LP10,"Essa habilidade relaciona-se à EF12LP10 e prevê a escrita de textos do Campo da vida pública, pressupondo a inserção dos estudantes nas práticas de linguagem que envolvem a atuação cidadã, ou seja, as regras de convivência, os regulamentos, os avisos e cartazes que orientam ações e comportamentos em lugares coletivos ou públicos com o intuito de organizar a vida em sociedade. Nesse caso, também é possível partir do cotidiano dos estudantes: escrever os combinados da turma, esclarecendo o que podem e o que não podem fazer em função do bem comum, da convivência harmônica e da preservação do espaço da escola. Podem, ainda, escrever regras para usos de espaços específicos da escola, como a biblioteca, a sala de informática etc., sempre considerando a atuação cidadã e a preservação do bem-estar de todos e do patrimônio coletivo."
EF01LP22,Ensino Fundamental,01,,Língua Portuguesa,22,"Planejar e produzir, em colaboração com os colegas e com a ajuda do professor, diagramas, entrevistas, curiosidades, dentre outros gêneros do campo investigativo, digitais ou impressos, considerando a situação comunicativa e o tema/assunto/finalidade do texto.",Escrita (compartilhada e autônoma),Produção de textos,sim,AF,,"• Planejar diagramas, entrevistas e curiosidades.
• Produzir colaborativamente textos desses gêneros em meios impressos ou digitais.
• Considerar, na produção de textos desses gêneros, a situação comunicativa e o tema/assunto/finalidade do texto.","CE: 3 e 7
CA: 1, 2 e 3
CG: 6",AF: EF12LP17    EF: EF01LP01; EF01LP03; EF13LP03,"Essa habilidade relaciona-se à EF12LP17 e, portanto, sugere-se a leitura das orientações feitas para ela. Além disso, é importante que o planejamento e a produção desses textos sejam contextualizados e precedidos por atividades de leitura e de oralidade por meio das quais os estudantes tenham tido oportunidade de conhecer esses textos, suas especificidades, o modo como se organizam etc. Em outras palavras, é importante que essas atividades de planejamento e produção de entrevistas, curiosidades entre outros textos integrem uma sequência didática, articulando-se a outras práticas de linguagem que envolvam esses textos. Os estudantes podem, por exemplo, escrever curiosidades sobre animais marinhos uma vez que tenham feito leituras, pesquisas e rodas de conversa sobre esse tema, para que tenham as informações necessárias para a escrita. No caso das entrevistas, devem estar relacionadas a um assunto de interesse da turma, necessidade de investigação ou curiosidade, por exemplo, sobre a história da escola, o ano em que foi fundada, mudanças que foram feitas no prédio etc. e, para isso, podem, por exemplo, entrevistar um funcionário ou morador do bairro, ex-aluno, diretor etc. Essa atividade pode ser feita em parceria com o professor de História."
EF01LP23,Ensino Fundamental,01,,Língua Portuguesa,23,"Planejar e produzir, em colaboração com os colegas e com a ajuda do professor, entrevistas, curiosidades, dentre outros gêneros do campo investigativo, que possam ser repassados oralmente por meio de ferramentas digitais, em áudio ou vídeo, considerando a situação comunicativa e o tema/assunto/finalidade do texto.",Oralidade,Exposição oral,sim,AF,,"• Planejar entrevistas e curiosidades.
• Produzir colaborativamente textos desses gêneros.
• Utilizar ferramentas digitais, em áudio ou vídeo, para repassar oralmente esses textos.
• Considerar na produção escrita e/ou oral a situação comunicativa e o tema/assunto/finalidade do texto.","CE: 3 e 10
CA: 2  e 6
CG: 2 e 5",AF: EF01LP22  EF:EF15LP02; EF15LP03; EF15LP04,"Essa habilidade, assim como a EF01LP22, prevê o planejamento e a produção de textos do Campo das práticas de estudo e pesquisa. No entanto, nesse caso, possibilita a ampliação das práticas de letramento digital pelos estudantes, uma vez que propõe que esses textos sejam repassados oralmente por meio de ferramentas digitais. Nesse caso, as entrevistas, por exemplo, podem ser filmadas e assistidas pela turma. Vale destacar que o planejamento desses textos é parte importante dessa habilidade. No caso da entrevista, é preciso definir o entrevistado, as perguntas, o texto de apresentação do entrevistado e do assunto da entrevista etc. Os estudantes podem gravar áudios ou vídeos expondo curiosidades sobre determinado assunto, mas, antes, devem ler, pesquisar, tomar nota dessas informações, preparar um roteiro etc."
EF01LP24,Ensino Fundamental,01,,Língua Portuguesa,24,"Identificar e reproduzir, em enunciados de tarefas escolares, diagramas, entrevistas, curiosidades, digitais ou impressos, a formatação e diagramação específica de cada um desses gêneros, inclusive em suas versões orais.",Análise linguística/semiótica (Alfabetização),Forma de composição dos textos/Adequação do texto às normas de escrita,sim,AF,EF12LP17,"• Ler enunciados de tarefas escolares, diagramas, entrevistas e curiosidades, em meios impressos ou digitais para perceber aspectos comuns na formatação e diagramação desses textos.
• Ouvir esses textos em suas versões orais e compará-las às escritas, identificando suas especificidades.
• Reproduzir a formatação e a diagramação específicas de cada um desses gêneros em meios impressos ou digitais e também em suas versões orais nas situações de produção desses textos.","CE: 3
CA: 1 e 2",AC: EF01LP04; EF01LP09;  EF01LP13; EF01LP14,"Essa habilidade relaciona-se à EF12LP17 e pressupõe a identificação da formatação e da diagramação de textos do Campo das práticas de estudo e pesquisa. Para que os estudantes identifiquem esses aspectos nesses textos, é essencial que sejam propostas atividades de leitura desses gêneros por meio das quais eles possam investigá-los e perceber o que há em comum entre eles, ou seja, suas regularidades. Assim, nas situações de produção desses textos serão capazes de reproduzir esses aspectos, apropriando-se desses gêneros textuais."
EF01LP25,Ensino Fundamental,01,,Língua Portuguesa,25,"Produzir, tendo o professor como escriba, recontagens de histórias lidas pelo professor, histórias imaginadas ou baseadas em livros de imagens, observando a forma de composição de textos narrativos (personagens, enredo, tempo e espaço).",Escrita (compartilhada e autônoma),Escrita autônoma e compartilhada,sim,AF,,"• Ouvir histórias lidas pelo professor.
• Produzir, tendo o professor como escriba, recontagens de histórias.
• Criar histórias imaginadas ou baseadas em livros de imagens e ditá-las ao professor escriba.
• Observar, no registro das histórias feito pelo professor, a forma de composição de textos narrativos (personagens, enredo, tempo e espaço).","CE: 3 e 9
 CA: 1 e 5
 CG: 1 e 3",AF: EF15LP16; EF15LP19; EF12LP05                   EF: EF15LP18; EF01LP26,"A habilidade pressupõe a identificação dos elementos das narrativas e o reconto de histórias tendo o professor como escriba. Logo, é essencial que esses textos sejam lidos frequentemente pelo professor e que sejam propostas atividades por meio das quais os estudantes possam pensar sobre quem são as personagens, onde acontece a história, quais palavras indicam a passagem do tempo, qual é o conflito ou problema enfrentado pela(s) personagem(ns), como o conflito é resolvido etc. Os estudantes podem registrar essas informações por meio de desenhos, podem falar sobre elas em rodas de conversa, produzir diagramas ditando as informações ao professor para que ele as organizem. É possível, ainda, encenar partes da história ou dramatizá-las, ou recontá-las oralmente."
EF01LP26,Ensino Fundamental,01,,Língua Portuguesa,26,"Identificar elementos de uma narrativa lida ou escutada, incluindo personagens, enredo, tempo e espaço.",Análise linguística/semiótica (Alfabetização),Formas de composição de narrativas,sim,AF,,"• Ouvir a leitura de textos narrativos.
• Experimentar a leitura autônoma de textos narrativos.
• Identificar os elementos da narrativa: personagens, enredo, tempo e espaço.",CE: 9,EF: EF15LP18      AF: EF15LP16; EF15LP19,"A habilidade pressupõe a identificação, na leitura ou na escuta, os elementos das narrativas. Por isso, é essencial que esses textos sejam lidos frequentemente pelo professor e que sejam propostas atividades por meio das quais os estudantes possam pensar sobre quem são as personagens, onde acontece a história, quais palavras indicam a passagem do tempo, qual é o conflito ou problema enfrentado pela(s) personagem(ns), como o conflito é resolvido etc. Reconhecer esses elementos auxilia o estudante a desenvolver a capacidade analítica e crítica na leitura."
EF01MA01,Ensino Fundamental,01,,Matemática,01,"Utilizar números naturais como indicador de quantidade ou de ordem em diferentes situações cotidianas e reconhecer situações em que os números não indicam contagem nem ordem, mas sim código de identificação.",Números,"Contagem de rotina Contagem ascendente e descendente Reconhecimento de números no contexto diário: indicação de quantidades, indicação de ordem ou indicação de código para a organização de informações",,,,,,,
EF01MA02,Ensino Fundamental,01,,Matemática,02,"Contar de maneira exata ou aproximada, utilizando diferentes estratégias como o pareamento e outros agrupamentos.",Números,"Quantificação de elementos de uma coleção: estimativas, contagem um a um, pareamento ou outros agrupamentos e comparação",,,,,,,
EF01MA03,Ensino Fundamental,01,,Matemática,03,"Estimar e comparar quantidades de objetos de dois conjuntos (em torno de 20 elementos), por estimativa e/ou por correspondência (um a um, dois a dois) para indicar “tem mais”, “tem menos” ou “tem a mesma quantidade”.",Números,"Quantificação de elementos de uma coleção: estimativas, contagem um a um, pareamento ou outros agrupamentos e comparação",,,,,,,
EF01MA04,Ensino Fundamental,01,,Matemática,04,"Contar a quantidade de objetos de coleções até 100 unidades e apresentar o resultado por registros verbais e simbólicos, em situações de seu interesse, como jogos, brincadeiras, materiais da sala de aula, entre outros.",Números,"Leitura, escrita e comparação de números naturais (até 100)",sim,EF,,"• Ler, escrever, comparar e ordenar números naturais.
• Utilizar características do sistema de numeração decimal para interpretar e produzir escritas e informações numéricas em situações diversas, como jogos e brincadeiras.
• Perceber que um número natural ocupa lugar na sequência numérica e que ela possui regularidades.
• Interpretar e produzir escritas numéricas, levantando hipóteses sobre elas, com base na observação de regularidades, e utilizando-se da linguagem oral, de registros informais e da linguagem matemática.
• Relacionar quantidade ao símbolo que a representa.","CE: 3
CG: 1 e 4","EF01MA01
EF01MA02
EF01MA19","Para que a contagem dos objetos de uma coleção ocorra, o aluno deverá contar todos os objetos, sem contar o mesmo mais de uma vez e sem esquecer de nenhum deles. Neste caso, é necessário que ele: (i) associe a cada objeto o nome dos numerais e (ii) compreenda que ao falar a última palavra, esta corresponde ao conjunto de objetos contados. Logo, o aluno deve conhecer a sequência numérica, utilizá-la em diferentes contextos e representá-la de maneira espontânea e diversa, fazendo uso, por exemplo, de traços, figuras e, sobretudo, algarismos. As propostas envolvendo jogos e brincadeiras em que os alunos precisam contar pontos e compará-los são boas oportunidades para desenvolver esta habilidade."
EF01MA05,Ensino Fundamental,01,,Matemática,05,"Comparar números naturais de até duas ordens em situações cotidianas, com e sem suporte da reta numérica.",Números,Reta numérica,sim,EF,EF01MA04,"• Comparar quantidades utilizando diferentes estratégias: contagem, pareamento, estimativa e correspondência de agrupamentos com ou sem apoio da reta numérica.","CE: 3
CG: 4",EF01MA03,"Para que ocorra a comparação entre dois numerais formados por até dois algarismos, faz-se necessário que o aluno tenha oportunidade de comparar conjuntos com pequenas quantidades para desenvolver estratégias próprias de comparação de quantidades. Ao fazer isso, é comum que façam correspondência um a um e, com isso, vão associando um a um os elementos dos conjuntos para verificar qual tem mais. Contar as quantidades é outra estratégia uitlizada pelos alunos e até mesmo usar a reta numérica para efetuar a comparação. Neste último caso, pode-se verificar que alguns identificam qual número veio depois do outro na reta numérica, quantas unidades devem prosseguir do menor número até o maior ou, a partir do maior, verificar quantas unidades este ultrapassou o menor. As situações elencadas na habilidade anterior podem auxiliar no desenvolvimento desta habilidade."
EF01MA06,Ensino Fundamental,01,,Matemática,06,Construir fatos básicos da adição e utilizá-los em procedimentos de cálculo para resolver problemas.,Números,Construção de fatos básicos da adição,,,,,,,
EF01MA07,Ensino Fundamental,01,,Matemática,07,"Compor e decompor número de até duas ordens, por meio de diferentes adições, com o suporte de material manipulável, contribuindo para a compreensão de características do sistema de numeração decimal e o desenvolvimento de estratégias de cálculo.",Números,Composição e decomposição de números naturais,sim,AF,"EFMA01MA04
EFMA01MA05","• Compor e decompor quantidades.
• Utilizar o sistema monetário para resolver problemas envolvendo a composição de decomposição de números.","CE: 3
CG: 4",EF01MA19,"Para que seja possível a composição e decomposição de números até dois algaritmos, é necessário que o aluno já conheça a sequência numérica e a representação escrita e falada dos números. Também faz-se necessário que ele compreenda que um número pode ser obtido pela soma de outros números. A própria representação falada/escrita nos numerais pode auxiliar o aluno neste processo ao perceber que dezesseis pode ser formado por dez e seis ou vinte e um pode ser obtido por vinte mais um. Como a própria habilidade prevê o uso de materiais manipulativos, como, por exemplo, dinheirinho, pode auxiliar o aluno no desenvolvimento de estratégias próprias para compor/decompor um determinado número. Por exemplo, é possível que algums alunos obtenham 20 a partir de duas notas de 10 (10 + 10), outros percebam que também é possível obter este mesmo número com uma nota de dez e outras duas de cinco (10 + 5 + 5) e, até mesmo, aqueles que formem com quatro notas de cinco (5 + 5 + 5 + 5). Espera-se que ao trabalhar composição e decomposição, o sistema monetário seja utilizado como um dos recursos que possibilitará aos alunos maior compreensão sobre o sistema decimal e estratégias de cálculo."
EF01MA08,Ensino Fundamental,01,,Matemática,08,"Resolver e elaborar problemas de adição e de subtração, envolvendo números de até dois algarismos, com os significados de juntar, acrescentar, separar e retirar, com o suporte de imagens e/ou material manipulável, utilizando estratégias e formas de registro pessoais.",Números,"Problemas envolvendo diferentes significados da adição e da subtração (juntar, acrescentar, separar, retirar)",sim,AF,EF01MA05,"• Resolver e elaborar problemas de adição e subtração relacionados às ideias de juntar, acrescentar, separar, retirar, comparar e completar quantidades com suporte de imagens e/ou material manipulável, utilizando estratégias e formas de registros pessoais.
• Resolver situações-problema e construir, com base nelas, o significado da adição e da subtração.","CE: 3, 5 e 6
CG: 2, 4, 9 e 10",EF01MA06,"Para que haja a apropriação das ideias elementares da adição e subtração, o aluno deve ter a oportunidade de resolver e elaborar diferentes situações, exemplo: se na sala há 10 meninos e 7 meninas, quantas crianças temos ao todo? (ideia de juntar); se no pátio havia 10 meninos e chegaram mais 7 meninas, quantas crianças estão no pátio? (ideia de acrescentar); se na quadra havia 17 crianças e 10 delas são meninos, quantas seriam as meninas? (ideia de separar); se no parque havia 17 crianças e 10 delas foram embora, quantas crianças ficaram? (ideia de retirar). É previsto pela habilidade que em alguns casos os alunos sintam necessidade de representar tais situações através de figuras ou usar materiais manipulativos. Para que a habilidade seja desenvolvida, é necessário que o aluno tenha conhecimento numérico e que possa registrar a resolução de cada situação da sua própria maneira, usando suas próprias palavras, desenhos, simbolos pessoais. Incentivar o uso de diferentes representações e analisá-las com o grupo são excelentes oportunidades para que os alunos desenvolvam a argumentação e avancem na construção da linguagem matemática."
EF01MA09,Ensino Fundamental,01,,Matemática,09,"Organizar e ordenar objetos familiares ou representações por figuras, por meio de atributos, tais como cor, forma e medida.",Álgebra,Padrões figurais e numéricos: investigação de regularidades ou padrões em sequências,,,,,,,
EF01MA10,Ensino Fundamental,01,,Matemática,10,"Descrever, após o reconhecimento e a explicitação de um padrão (ou regularidade), os elementos ausentes em sequências recursivas de números naturais, objetos ou figuras.",Álgebra,"Sequências recursivas: observação de regras usadas utilizadas em seriações numéricas (mais 1, mais 2, menos 1, menos 2, por exemplo)",,,,,,,
EF01MA11,Ensino Fundamental,01,,Matemática,11,"Descrever a localização de pessoas e de objetos no espaço em relação à sua própria posição, utilizando termos como à direita, à esquerda, em frente, atrás.",Geometria,"Localização de objetos e de pessoas no espaço, utilizando diversos pontos de referência e vocabulário apropriado",,,,,,,
EF01MA12,Ensino Fundamental,01,,Matemática,12,"Descrever a localização de pessoas e de objetos no espaço segundo um dado ponto de referência, compreendendo que, para a utilização de termos que se referem à posição, como direita, esquerda, em cima, em baixo, é necessário explicitar-se o referencial.",Geometria,"Localização de objetos e de pessoas no espaço, utilizando diversos pontos de referência e vocabulário apropriado",sim,AF,,"• Tomar consciência de partes do seu corpo.
• Orientar o corpo em relação a objetos e pessoas.
• Desenvolver coordenação visomotora.
• Explorar e desenvolver relações de medida, direção e posição no espaço.
• Descrever a localização de pessoas e de objetos no espaço dado um ponto de referência.
• Utilizar termos referentes à localização espacial, tais como à direita de, à esquerda de, em cima, embaixo.","CE: 6
CG: 4",EF01MA11,"Para que seja possível localizarmos algo ou alguém, é necessário identificar um referencial e saber explicar como ele foi usado para efetuar a localização de outros objetos. Usar elementos da sala de aula (porta, janela, quadro, lixo) ou o próprio corpo como referencial é muito comum entre alunos desta faixa etária. Além disso, é necessário que os alunos se apropriem de um vocabulário que expresse a localização dos objetos em relação ao referencial adotado. Termos como acima, abaixo, à esquerda, à direita, perto, longe, antes, depois, primeiro e último são algumas sugestões para auxiliar na composição desse vocabulário. Também é muito comum, no momento da descrição da localização, os alunos utilizarem diferentes tipos de representações numa mesma fala como palavras, figuras ou ambos."
EF01MA13,Ensino Fundamental,01,,Matemática,13,"Relacionar figuras geométricas espaciais (cones, cilindros, esferas e blocos retangulares) a objetos familiares do mundo físico.",Geometria,Figuras geométricas espaciais: reconhecimento e relações com objetos familiares do mundo físico,,,,,,,
EF01MA14,Ensino Fundamental,01,,Matemática,14,"Identificar e nomear figuras planas (círculo, quadrado, retângulo e triângulo) em desenhos apresentados em diferentes disposições ou em contornos de faces de sólidos geométricos.",Geometria,Figuras geométricas planas: reconhecimento do formato das faces de figuras geométricas espaciais,sim,AF,,"• Reconhecer quadrados e retângulos como faces de alguns sólidos geométricos ou em desenhos com as formas apresentadas em diferentes posições.
• Identificar, desenhar e descrever formas planas, como o círculo, o quadrado, o retângulo e o triângulo.
• Representar e construir formas geométricas planas.
• Nomear as figuras geométricas trabalhadas.
• Identificar formas planas em objetos do mundo físico.","CE: 3 e 4
CG: 3 e 4",EF01MA13,"Alunos desta faixa etária reconhecem as figuras a partir da forma geral que apresentam. Para que a habilidade seja bem desenvolvida, sugere-se que, por exemplo, observando o cubo os alunos identifiquem que suas faces são quadrados; que as faces laterais de uma pirâmide são triângulos; que as bases de um cilindro são círculos e que o bloco retangular apresenta faces retangulares. É essencial que as formas planas sejam exploradas conjuntamente com as espaciais. Espera-se que os alunos descrevam verbalmente as formas geométricas exploradas usando propriedades simples, como a quantidade de lados vértices ou suas medidas. Sugerimos que ao trabalhar com as formas planas, se possível, sejam relacionadas aos objetos do mundo físico."
EF01MA15,Ensino Fundamental,01,,Matemática,15,"Comparar comprimentos, capacidades ou massas, utilizando termos como mais alto, mais baixo, mais comprido, mais curto, mais grosso, mais fino, mais largo, mais pesado, mais leve, cabe mais, cabe menos, entre outros, para ordenar objetos de uso cotidiano.",Grandezas e medidas,"Medidas de comprimento, massa e capacidade: comparações e unidades de medida não convencionais",sim,AF,,"• Perceber que medir é comparar duas grandezas de mesmo tipo.
• Identificar algumas grandezas que são passíveis de medição: comprimento, capacidade e massa.
• Fazer estimativas de medições.
• Medir e comparar comprimentos usando unidades de medida não padronizada e termos, como mais baixo, mais comprido, mais curto, mais grosso, mais fino e mais largo.
• Medir e comparar capacidades usando unidades de medida não padronizada e termos, como cabe mais e cabe menos.
• Medir a massa dos objetos usando balanças e unidades não padronizadas e termos, como mais leve e mais pesado.
• Ordenar objetos de uso cotidiano de acordo com as medições realizadas, seguindo critérios, como do mais leve para o mais pesado, do mais fino para o mais grosso etc.","CE: 1 e 3
CG: 1 e 4",,"Para que o aluno realize medições, é necessário que se depare com diferentes situações em que possa comparar quantas vezes uma grandeza cabe em outra. Logo, é importante que compreenda aquilo que será medido (comprimento, capacidade, massa) e desenvolva um vocabulário para que possa indicar a comparação realizada. Elaborando uma seriação envolvendo objetos, é possível que ele desenvolva um vocabulário onde tenha que utiizar termos como: mais leve, mais pesado, mais curto, mais comprido, mais largo, mais estreito, mais cheio, mais vazio, etc. Espera-se, até o final do ano, o aprendizado com fluência do uso dos termos: mais alto, mais baixo, mais comprido, mais curto, mais grosso, mais fino, mais largo, mais pesado, mais leve, cabe mais e cabe menos, bem como do conceito de que medir é comparar."
EF01MA16,Ensino Fundamental,01,,Matemática,16,"Relatar em linguagem verbal ou não verbal sequência de acontecimentos relativos a um dia, utilizando, quando possível, os horários dos eventos.",Grandezas e medidas,"Medidas de tempo: unidades de medida de tempo, suas relações e o uso do calendário",,,,,,,
EF01MA17,Ensino Fundamental,01,,Matemática,17,"Reconhecer e relacionar períodos do dia, dias da semana e meses do ano, utilizando calendário, quando necessário.",Grandezas e medidas,"Medidas de tempo: unidades de medida de tempo, suas relações e o uso do calendário",sim,EF,,"• Reconhecer e relacionar períodos do dia como manhã, tarde e noite.
• Reconhecer e nomear os dias da semana e os meses do ano e estabelecer relações entre essas unidades de medida.
• Conhecer, analisar e consultar um calendário para estabelecer relação entre os dias da semana e os meses do ano.","CE: 1 e 3
CG: 1 e 4","EF01MA16
EF0AMA18","O desenvolvimento desta habilidade está relacionado ao reconhecimento de períodos de tempo, como os nomes dos dias da semana e dos meses do ano. Para que o aluno estabeleça relações entre estes intervalos de tempos, também é necessário que ele conheça que uma semana é composta por sete dias, que a maioria dos meses é formada por trinta dias e que o ano pode ser dividido em doze meses. O trabalho explorando o calendário é uma boa sugestão para que isto ocorra.  No entanto, vale lembrar que a apropriação da grandeza tempo é processual e exige ir além do trabalho com calendário. Vivenciar propostas que trabalhem a duração de intervalos de tempo é essencial. Pular corda, explorar músicas e a rotina são também bons recursos para desenvolver a noção temporal."
EF01MA18,Ensino Fundamental,01,,Matemática,18,"Produzir a escrita de uma data, apresentando o dia, o mês e o ano, e indicar o dia da semana de uma data, consultando calendários.",Grandezas e medidas,"Medidas de tempo: unidades de medida de tempo, suas relações e o uso do calendário",,,,,,,
EF01MA19,Ensino Fundamental,01,,Matemática,19,Reconhecer e relacionar valores de moedas e cédulas do sistema monetário brasileiro para resolver situações simples do cotidiano do estudante.,Grandezas e medidas,Sistema monetário brasileiro: reconhecimento de cédulas e moedas,,,,,,,
EF01MA20,Ensino Fundamental,01,,Matemática,20,"Classificar eventos envolvendo o acaso, tais como “acontecerá com certeza”, “talvez aconteça” e “é impossível acontecer”, em situações do cotidiano.",Probabilidade e estatística,Noção de acaso,,,,,,,
EF01MA21,Ensino Fundamental,01,,Matemática,21,Ler dados expressos em tabelas e em gráficos de colunas simples.,Probabilidade e estatística,Leitura de tabelas e de gráficos de colunas simples,sim,AF,EF01MA05,"• Ler e interpretar dados apresentados de maneira organizada, por meio de tabelas e gráficos de colunas simples.","CE: 1, 2 e 6
CG: 4",EF01MA22,"O trabalho de leitura e interpretação de dados em tabelas e gráficos simples pode ser realizado de maneira coletiva a partir de uma pesquisa envolvendo um tema da preferência dos alunos. Dessa maneira, dá-se um maior significado à representação e, também, auxilia o aluno na identificação dos elementos usados na representação. Além disso, é necessário que o aluno tenha conhecimento dos números envolvidos e que possa elaborar conclusões simples a respeito dos dados apresentados como, por exemplo, quantos alunos preferem mais cães do que gatos ou se a maioria da sala prefere sorvete de determinado sabor. Além dos gráficos envolvendo preferências, é importante trabalhar com dados reais dos estudantes (número de irmãos, meio de transporte que usa para ir a escola) etc."
EF01MA22,Ensino Fundamental,01,,Matemática,22,"Realizar pesquisa, envolvendo até duas variáveis categóricas de seu interesse e universo de até 30 elementos, e organizar dados por meio de representações pessoais.",Probabilidade e estatística,Registros pessoais para comunicação de informações coletadas,,,,,,,
EF02CI01,Ensino Fundamental,02,,Ciências,01,"Identificar de que materiais (metais, madeira, vidro etc.) são feitos os objetos que fazem parte da vida cotidiana, como esses objetos são utilizados e com quais materiais eram produzidos no passado.",Matéria e energia,Prevenção de acidentes domésticos,sim,AF,EF01CI01,"• Pesquisar a história de diferentes objetos comuns da vida cotidiana.
• Identificar os materiais usados na produção de diferentes objetos.
• Comparar diferentes objetos por meio da análise dos materiais de que são feitos.
• Relacionar a escolha de uso de um objeto com o material de que ele é feito.","CE: 1 e 4
CG: 2 e 3",EF02CI02,"Identificar envolve obsevar e diferenciar. Uma estratégia que ajudará a promover o engajamento do estudante é identificar objetos em sua moradia e pesquisar objetos artesanais que são produzidos em sua região, descrevendo de que são constituídos e seu uso. Pode ser criada uma linha do tempo para investigar esses objetos e diferenciá-los por suas características em distintos períodos da humanidade."
EF02CI02,Ensino Fundamental,02,,Ciências,02,"Propor o uso de diferentes materiais para a construção de objetos de uso cotidiano, tendo em vista algumas propriedades desses materiais (flexibilidade, dureza, transparência etc.).",Matéria e energia,Prevenção de acidentes domésticos,,,,,,,
EF02CI03,Ensino Fundamental,02,,Ciências,03,"Discutir os cuidados necessários à prevenção de acidentes domésticos (objetos cortantes e inflamáveis, eletricidade, produtos de limpeza, medicamentos etc.).",Matéria e energia,Prevenção de acidentes domésticos,sim,AF,EF01CI01,"• Identificar possíveis riscos de acidentes domésticos.
• Listar atitudes que podem prevenir acidentes domésticos.
• Comunicar atitudes adequadas para a prevenção de acidentes domésticos.
• Identificar rotas de fuga e ações possíveis no caso de acidentes domésticos.","CE: 7
CG: 8 e 4",,"A habilidade requer identificar e reconhecer situações que podem expor as pessoas ao risco de morte ou lesões. Abordar o tema é muito importante, dado que acidentes domésticos são uma das principais causas da morte de crianças no Brasil. Deve-se propor atividades práticas para construir hábitos de prevenção, como descrever e ilustrar situações de risco do cotidiano e associá-las a comportamentos preventivos."
EF02CI04,Ensino Fundamental,02,,Ciências,04,"Descrever características de plantas e animais (tamanho, forma, cor, fase da vida, local onde se desenvolvem etc.) que fazem parte de seu cotidiano e relacioná-las ao ambiente em que eles vivem.",Vida e evolução,Plantas,,,,,,,
EF02CI05,Ensino Fundamental,02,,Ciências,05,Investigar a importância da água e da luz para a manutenção da vida de plantas em geral.,Vida e evolução,Plantas,sim,AF,,"• Observar e registrar as etapas de desenvolvimento de plantas.
• Identificar os elementos que estão relacionados ao desenvolvimento das plantas.
• Realizar atividades práticas para observação do desenvolvimento de plantas em diferentes condições (com e sem água, na presença ou na ausência de luminosidade).
• Relacionar o desenvolvimento das plantas com a presença de luz e água.","CE: 3
CG: 2",EF02CI04,"Tema alinhado ao Objetivo de Desenvolvimento Sustentável (ODS) 15, que trata da vida na Terra. Essa habilidade implica reconhecer e descrever a influência da luz e da água sobre os vegetais, diferenciando essa relação em distintas plantas e ambientes. O aluno pode realizar observações no ambiente em que vive ou comparar a formação vegetal de diversas regiões e relacioná-las à disponibilidade de luz solar e água."
EF02CI06,Ensino Fundamental,02,,Ciências,06,"Identificar as principais partes de uma planta (raiz, caule, folhas, flores e frutos) e a função desempenhada por cada uma delas, e analisar as relações entre as plantas, o ambiente e os demais seres vivos.",Vida e evolução,Plantas,sim,AF,EF02CI05,"• Desenhar e identificar as partes das plantas que produzem frutos.
• Relacionar as partes das plantas com suas funções.
• Listar a relação entre as plantas e os demais seres vivos.
• Analisar a importância das plantas para o ambiente.","CE: 3
CG: 2",EF02CI04,"Desenhos podem contribuir para identificar e descrever as partes das plantas e estimular a criatividade do estudante. A pesquisa investigativa, como selecionar, exemplificar e descrever espécimes encontrados em diversos ambientes, pode ajudar a explorar a função das partes das plantas e reconhecer seu papel na relação com outros seres vivos, como no fornecimento de alimento, sombra e abrigo."
EF02CI07,Ensino Fundamental,02,,Ciências,07,Descrever as posições do Sol em diversos horários do dia e associá-las ao tamanho da sombra projetada.,Terra e Universo,O Sol como fonte de luz e calor,sim,AF,EF01CI05,"• Observar a posição do Sol no céu em diferentes horários do dia.
• Comparar a sombra projetada por objetos em diferentes horários do dia.
• Relacionar a posição do Sol no céu com a sombra projetada por um objeto.","CE: 2 e 6
CG: 2",EF02CI08,"Os estudantes devem observar e registrar as posições do Sol ao longo do dia. Deve-se utilizar como referância as sombras dos objetos. Podem ser adotas medidas simples, como comparar o tamanho da sombra com palmos ou passos, e utilizar referências como o horizonte ou prédios. Pode ser proposto ao estudante registrar as mudanças no tamanho, na posição e na forma da sombra do objeto em diferentes horários."
EF02CI08,Ensino Fundamental,02,,Ciências,08,"Comparar o efeito da radiação solar (aquecimento e reflexão) em diferentes tipos de superfície (água, areia, solo, superfícies escura, clara e metálica etc.).",Terra e Universo,O Sol como fonte de luz e calor,,,,,,,
EF02ER01,Ensino Fundamental,02,,Ensino Religioso,01,Reconhecer os diferentes espaços de convivência.,Identidades e alteridades,"O eu, a família e o ambiente de convivência",,,,,,,
EF02ER02,Ensino Fundamental,02,,Ensino Religioso,02,"Identificar costumes, crenças e formas diversas de viver em variados ambientes de convivência.",Identidades e alteridades,"O eu, a família e o ambiente de convivência",,,,,,,
EF02ER03,Ensino Fundamental,02,,Ensino Religioso,03,"Identificar as diferentes formas de registro das memórias pessoais, familiares e escolares (fotos, músicas, narrativas, álbuns...).",Identidades e alteridades,Memórias e símbolos,,,,,,,
EF02ER04,Ensino Fundamental,02,,Ensino Religioso,04,Identificar os símbolos presentes nos variados espaços de convivência.,Identidades e alteridades,Memórias e símbolos,,,,,,,
EF02ER05,Ensino Fundamental,02,,Ensino Religioso,05,"Identificar, distinguir e respeitar símbolos religiosos de distintas manifestações, tradições e instituições religiosas.",Identidades e alteridades,Símbolos religiosos,,,,,,,
EF02ER06,Ensino Fundamental,02,,Ensino Religioso,06,"Exemplificar alimentos considerados sagrados por diferentes culturas, tradições e expressões religiosas.",Manifestações religiosas,Alimentos sagrados,,,,,,,
EF02ER07,Ensino Fundamental,02,,Ensino Religioso,07,Identificar significados atribuídos a alimentos em diferentes manifestações e tradições religiosas.,Manifestações religiosas,Alimentos sagrados,,,,,,,
EF02GE01,Ensino Fundamental,02,,Geografia,01,Descrever a história das migrações no bairro ou comunidade em que vive.,O sujeito e seu lugar no mundo,Convivência e interações entre pessoas na comunidade,,,,,,,
EF02GE02,Ensino Fundamental,02,,Geografia,02,"Comparar costumes e tradições de diferentes populações inseridas no bairro ou comunidade em que vive, reconhecendo a importância do respeito às diferenças.",O sujeito e seu lugar no mundo,Convivência e interações entre pessoas na comunidade,,,,,,,
EF02GE03,Ensino Fundamental,02,,Geografia,03,"Comparar diferentes meios de transporte e de comunicação, indicando o seu papel na conexão entre lugares, e discutir os riscos para a vida e para o ambiente e seu uso responsável.",O sujeito e seu lugar no mundo,Riscos e cuidados nos meios de transporte e de comunicação,,,,,,,
EF02GE04,Ensino Fundamental,02,,Geografia,04,"Reconhecer semelhanças e diferenças nos hábitos, nas relações com a natureza e no modo de viver de pessoas em diferentes lugares.",Conexões e escalas,Experiências da comunidade no tempo e no espaço,sim,AF,EF01GE01,"• Comparar modos de vida, hábitos culturais e/ou formas de relação com a natureza em diversas localidades.
• Comparar diferentes costumes e tradições praticados por diferentes grupos sociais e/ou migrantes no bairro onde vive.
• Reconhecer características e mudanças nas paisagens do campo e da cidade, relacionando-as com os diferentes modos de vida no espaço rural e urbano.","CG: 1 e 9
CA: 1, 3 e 7
CE: 1 e 3","AC:
EF02GE01: amplia o conhecimento da AF.
EF02GE02: pode ser desenvolvida junto à AF.
EF02GE05: pode ser desenvolvida junto à AF.
AF:
EF02HI06: amplia o conhecimento da AF.","O desenvolvimento dessa habilidade permite ao estudante reconhecer que cada localidade, habitada por grupos sociais distintos, possui características singulares que refletem nas formas de as pessoas se relacionarem com a natureza, expressando-se nos seus modos de vida. Importante sugerir atividades que valorizem a multiculturalidade e a alteridade, nas quais o estudante possa reconhecer a heterogeneidade que caracteriza a formação socioespacial de várias localidades e do seu lugar de vivência. Interessa que reconheça os diferentes modos de vida que podem coexistir confrontando distintas realidades, incluindo também as diferenças entre os modos de vida nos espaços urbanos e rurais e as transformações que podem ocorrer nos modos de vida de um mesmo lugar ao longo do tempo.
Ao se abordar o tema das transformações espaciais ao longo do tempo, é possível propor um trabalho conjunto com História (ver a habilidade EF02HI06)."
EF02GE05,Ensino Fundamental,02,,Geografia,05,"Analisar mudanças e permanências, comparando imagens de um mesmo lugar em diferentes tempos.",Conexões e escalas,Mudanças e permanências,,,,,,,
EF02GE06,Ensino Fundamental,02,,Geografia,06,"Relacionar o dia e a noite a diferentes tipos de atividades sociais (horário escolar, comercial, sono etc.).",Mundo do trabalho,Tipos de trabalho em lugares e tempos diferentes,,,,,,,
EF02GE07,Ensino Fundamental,02,,Geografia,07,"Descrever as atividades extrativas (minerais, agropecuárias e industriais) de diferentes lugares, identificando os impactos ambientais.",Mundo do trabalho,Tipos de trabalho em lugares e tempos diferentes,sim,AF,EF02GE04,"• Identificar características do trabalho na agricultura, na pecuária e no extrativismo em diferentes localidades.
• Descrever, por meio de exemplos, as etapas do processo de transformação da matéria-prima em produtos industrializados.
• Identificar transformações nas paisagens rurais e urbanas em decorrência de impactos ambientais causados por atividades econômicas.","CG: 1 e 2
CA: 1, 3 e 5
CE: 1 e 3","AC:
EF02GE05: amplia o conhecimento da AF.
AF:
EF02GE08: pode ser desenvolvida junto à AF.
EF02GE09: pode ser desenvolvida junto à AF.
EF02HI01: amplia o conhecimento da AF.","Ao desenvolver essa habilidade, importante considerar que o setor extrativista não abarca e nem atende todas as atividades do setor industrial, nem da agropecuária. O desenvolvimento dessa habilidade possibilita analisar o espaço geográfico tendo em vista as ações humanas que transformam a natureza e os recursos naturais por meio do trabalho, a fim de atender suas necessidades sociais. Nesse sentido, reconhecer características do mundo do trabalho é importante para que se compreenda como as pessoas transformam e organizam o espaço de diversas maneiras. Importa que, neste ano, o estudante já reconheça e diferencie tipos de atividade de trabalho relacionados a distintos setores da economia, descrevendo-os e reconhecendo impactos sociais que tais tipos de atividade podem causar, desde a obtenção da matéria-prima até a sua transformação em produto final, transformado e/ou industrializado.
Ao identificar e descrever diferentes formas de trabalho existentes na comunidade,  pode ser feito um trabalho conjunto com História (ver habilidade EF02HI01) Essa habilidade permite aproximação com o tema contemporâneo transversal trabalho e com o ODS 8."
EF02GE08,Ensino Fundamental,02,,Geografia,08,"Identificar e elaborar diferentes formas de representação (desenhos, mapas mentais, maquetes) para representar componentes da paisagem dos lugares de vivência.",Formas de representação e pensamento espacial,"Localização, orientação e representação espacial",sim,AF/AC,EF01GE08 e EF01GE09,"• Comparar diversas formas de representação de uma mesma paisagem (como fotografia, desenho, croqui, mapa mental, planta, foto aérea, imagem de satélite e maquete), reconhecendo suas principais características.
• Observar elementos da paisagem e pontos de referência dos lugares de vivência, representando-os de diferentes formas.
• Interpretar e/ou elaborar desenhos ou maquetes para representar atividades econômicas realizadas em espaços rurais e urbanos.","CG: 1 e 4
CA: 7
CE: 3 e 4","AF:
EF02GE07: pode ser desenvolvida junto à AF.
EF02GE09: amplia o conhecimento da AF.","O desenvolvimento dessa habilidade relacionada ao processo de alfabetização cartográfica deve ser realizado juntamente com as habilidades relativas à alfabetização geográfica, pois a cartografia é uma ferramenta essencial para as análises espaciais e, principalmente, para  o desenvolvimento do raciocínio geográfico. Neste ano, o trabalho com a linguagem cartográfica está diretamente atrelado às categorias geográficas de lugar e paisagem. É importante que sejam propostas atividades em que o estudante construa conhecimentos espaciais sobre essa linguagem, de modo que possa interpretar diferentes representações cartográficas (como fotografia, desenho, croqui, mapa mental, planta, foto aérea, imagem de satélite e maquete), mas também possa elaborar representações relacionadas ao seu lugar de viver,  operando gradualmente um trabalho com os princípios de orientação e localização considerando o lugar onde vive."
EF02GE09,Ensino Fundamental,02,,Geografia,09,Identificar objetos e lugares de vivência (escola e moradia) em imagens aéreas e mapas (visão vertical) e fotografias (visão oblíqua).,Formas de representação e pensamento espacial,"Localização, orientação e representação espacial",sim,AF/AC,EF01GE08 e EF01GE09,"• Reconhecer, em fotografias, os tipos de visão (vertical, oblíqua ou frontal) em que foram representados objetos do cotidiano.
• Reconhecer, em imagens aéreas, plantas e fotografias, os tipos de visão (vertical, oblíqua ou frontal) em que foram representadas paisagens urbanas e rurais.
• Identificar mudanças na paisagem de um mesmo local em diferentes tempos por meio de fotos aéreas ou imagens de satélite.
• Identificar paisagens do lugar de vivência em imagens aéreas, plantas e fotografias que utilizaram diferentes tipos de visão.
• Indicar a posição de objetos e pontos de referência por meio de representações espaciais da escola e outras localidades feitas em visão vertical utilizando referenciais, como frente, trás, direita, esquerda, em cima, embaixo.","CG: 1 e 4
CA: 7
CE: 3 e 4","AF:
EF02GE07: pode ser desenvolvida junto à AF.
AC:
EF02GE10: pode ser desenvolvida junto à AF.","O desenvolvimento dessa habilidade relacionada à alfabetização cartográfica deve ser realizado juntamente com as habilidades relativas à alfabetização geográfica, já que a cartografia é um recurso importante para o desenvolvimento de análises espaciais e do raciocínio geográfico. Nesta habilidade deve ser trabalhada com o estudante o reconhecimento dos diferentes tipos de visão (frontal, oblíqua e vertical), a partir das quais podem ser elaboradas representações da superfície terrestre ou parte dela. Estes procedimentos são relevantes de serem desenvolvidos nessa faixa etária, quando começam a ser encaminhadas ações de descentramento. Reconhecer elementos da paisagem representados a partir de visão vertical, permite que, mais adiante, o estudante possa interpretar mapas e plantas cartográficas. Sugere-se retomar o trabalho com a lateralidade e noções topológicas (frente e atrás, esquerda e direita, em cima e embaixo, dentro e fora) a partir da exploração de representações feitas em visão vertical. Importante lembrar que essas noções devem ser desenvolvidos progressivamente antes de o estudante operar noções espaciais projetivas e euclidianas, fundamentais para a leitura e a interpretação de mapas (algo previsto ocorrer de forma mais efetiva a partir do 4º ano do EF)."
EF02GE10,Ensino Fundamental,02,,Geografia,10,"Aplicar princípios de localização e posição de objetos (referenciais espaciais, como frente e atrás, esquerda e direita, em cima e embaixo, dentro e fora) por meio de representações espaciais da sala de aula e da escola.",Formas de representação e pensamento espacial,"Localização, orientação e representação espacial",,,,,,,
EF02GE11,Ensino Fundamental,02,,Geografia,11,"Reconhecer a importância do solo e da água para a vida, identificando seus diferentes usos (plantação e extração de materiais, entre outras possibilidades) e os impactos desses usos no cotidiano da cidade e do campo.","Natureza, ambientes e qualidade de vida",Os usos dos recursos naturais: solo e água no campo e na cidade,,,,,,,
EF02HI01,Ensino Fundamental,02,,História,01,Reconhecer espaços de sociabilidade e identificar os motivos que aproximam e separam as pessoas em diferentes grupos sociais ou de parentesco.,A comunidade e seus registros,"A noção do “Eu” e do “Outro”: comunidade, convivências e interações entre pessoas",sim,AF,EF01HI04,"• Identificar e descrever práticas e papéis sociais que as pessoas exercem em diferentes comunidades.
• Identificar diferentes formas de trabalho existentes na comunidade em que vive, seus significados, suas especificidades e sua importância.","CG: 1, 6 e 10
CA: 2 e 3
CE: 4","AC:
- EF02HI02: pode ser desenvolvida junto à AF.
- EF02HI10: pode ser desenvolvida junto à AF.","Como possibilidade de prática, é possível propor a construção de um projeto, com o tema “Trabalho”, em que o estudante poderá entrevistar trabalhadores e funcionários da escola e da própria comunidade, com o objetivo de identificar as diferentes formas de trabalho desenvolvidos e, principalmente, seus significados e importância. Essas habilidades integradas dessa forma, permitem a aproximação com o tema contemporâneo transversal trabalho e o ODS 8."
EF02HI02,Ensino Fundamental,02,,História,02,Identificar e descrever práticas e papéis sociais que as pessoas exercem em diferentes comunidades.,A comunidade e seus registros,"A noção do “Eu” e do “Outro”: comunidade, convivências e interações entre pessoas",,,,,,,
EF02HI03,Ensino Fundamental,02,,História,03,"Selecionar situações cotidianas que remetam à percepção de mudança, pertencimento e memória.",A comunidade e seus registros,"A noção do “Eu” e do “Outro”: comunidade, convivências e interações entre pessoas",,,,,,,
EF02HI04,Ensino Fundamental,02,,História,04,"Selecionar e compreender o significado de objetos e documentos pessoais como fontes de memórias e histórias nos âmbitos pessoal, familiar, escolar e comunitário.",A comunidade e seus registros,A noção do “Eu” e do “Outro”: registros de experiências pessoais e da comunidade no tempo e no espaço,sim,AF,EF01HI02,"• Selecionar objetos e documentos pessoais e de grupos próximos ao seu convívio e compreender sua função, seu uso e seu significado.
• Compilar histórias da família e/ou da comunidade registradas em diferentes fontes.","CG: 1 e 2
CA: 2
CE: 3","AC:
- EF02HI05: pode ser desenvolvida junto à AF.
- EF02HI08: pode ser desenvolvida junto à AF.","Esta habilidade permite o estudante reconhecer a importância dos documentos pessoais como fontes de memórias fundamentais à construção da história pessoal, da própria família e da comunidade. Desse modo, é possível organizar uma atividade partindo inicialmente da pergunta-chave ""Quem sou eu?"", para que o estudante possa, a partir de documentos pessoais (certidão de nascimento, RG, fotografias, objetos diversos, contas de luz e de água etc.) identificar memórias e fatos, relembrar momentos e, por fim, escrever sua própria história. Em situações presenciais, é possível trocar conjuntos de documentos, a partir de uma organização em grupos de trabalho, onde o estudante assumirá o papel de historiador e, portanto, terá como tarefa a construção da história de um colega ou mesmo do(a) professor(a), a partir dos documentos e das evidências observadas e também das vivências relatadas durante o desenvolvimneto da atividade."
EF02HI05,Ensino Fundamental,02,,História,05,"Selecionar objetos e documentos pessoais e de grupos próximos ao seu convívio e compreender sua função, seu uso e seu significado.",A comunidade e seus registros,Formas de registrar e narrar histórias (marcos de memória materiais e imateriais),,,,,,,
EF02HI06,Ensino Fundamental,02,,História,06,"Identificar e organizar, temporalmente, fatos da vida cotidiana, usando noções relacionadas ao tempo (antes, durante, ao mesmo tempo e depois).",A comunidade e seus registros,O tempo como medida,sim,AF,EF01HI02 e EF02HI04,"• Identificar e utilizar diferentes marcadores do tempo presentes na comunidade, como relógio e calendário.
• Selecionar situações cotidianas que remetam à percepção de mudança, de pertencimento e de memória.","CG: 1 e 2
CA: 2
CE: 2","AC:
- EF02HI07: pode ser desenvolvida junto à AF.
- EF02HI03: pode ser desenvolvida junto à AF.
AF:
- EF02GE04: amplia o conhecimento da AF.","É possível fazer um trabalho com o componente Geografia, articulando a habilidade (EF02GE04), por meio do estudo da paisagem, objetivando relacionar mudanças espaciais à passagem do tempo, por meio dos diferentes modos de vida e as relações estabelecidas com as distintas paisagens. O reconhecimento de mudanças na paisagem, sobretudo do lugar de vivência do estudante, pode favorecer a seleção de situações cotidianas que remetam à percepção de mudança, de pertencimento e de memória. Além disso, pode permitir a identificação de atividades sociais que costumam ser realizadas nas diferentes paisagens observadas nos distintos períodos do dia, operando os processos de identificar e organizar, temporalmente, fatos da vida cotidiana, usando noções relacionadas ao tempo (antes, durante, ao mesmo tempo e depois). Como possibilidade de atividade prática, é possível organizar um diário coletivo, no qual o estudante poderá registrar e adicionar percepções, vivências, histórias, desenhos, imagens e fotografias, a fim de reconhecer, em momento posterior, as mudanças ocorridas na paisagem e nas vivências escolar e nas relações sociais entre colegas, professores e demais funcionários. Permite ainda ao estudante identificar os registros de memória, individuais e coletivos. Podem-se, também, organizar rodas de conversa com estudantes de outros anos, a fim de permitir a troca de relatos e memórias sobre a escola e suas vivências individuais e coletivas."
EF02HI07,Ensino Fundamental,02,,História,07,"Identificar e utilizar diferentes marcadores do tempo presentes na comunidade, como relógio e calendário.",A comunidade e seus registros,O tempo como medida,,,,,,,
EF02HI08,Ensino Fundamental,02,,História,08,Compilar histórias da família e/ou da comunidade registradas em diferentes fontes.,As formas de registrar as experiências da comunidade,"As fontes: relatos orais, objetos, imagens (pinturas, fotografias, vídeos), músicas, escrita, tecnologias digitais de informação e comunicação e inscrições nas paredes, ruas e espaços sociais",,,,,,,
EF02HI09,Ensino Fundamental,02,,História,09,"Identificar objetos e documentos pessoais que remetam à própria experiência no âmbito da família e/ou da comunidade, discutindo as razões pelas quais alguns objetos são preservados e outros são descartados.",As formas de registrar as experiências da comunidade,"As fontes: relatos orais, objetos, imagens (pinturas, fotografias, vídeos), músicas, escrita, tecnologias digitais de informação e comunicação e inscrições nas paredes, ruas e espaços sociais",,,,,,,
EF02HI10,Ensino Fundamental,02,,História,10,"Identificar diferentes formas de trabalho existentes na comunidade em que vive, seus significados, suas especificidades e importância.",O trabalho e a sustentabilidade na comunidade,A sobrevivência e a relação com a natureza,,,,,,,
EF02HI11,Ensino Fundamental,02,,História,11,Identificar impactos no ambiente causados pelas diferentes formas de trabalho existentes na comunidade em que vive.,O trabalho e a sustentabilidade na comunidade,A sobrevivência e a relação com a natureza,,,,,,,
EF02LP01,Ensino Fundamental,02,,Língua Portuguesa,01,"Utilizar, ao produzir o texto, grafia correta de palavras conhecidas ou com estruturas silábicas já dominadas, letras maiúsculas em início de frases e em substantivos próprios, segmentação entre as palavras, ponto final, ponto de interrogação e ponto de exclamação.",Escrita (compartilhada e autônoma),Construção do sistema alfabético/ Convenções da escrita,,,,,,,
EF02LP02,Ensino Fundamental,02,,Língua Portuguesa,02,"Segmentar palavras em sílabas e remover e substituir sílabas iniciais, mediais ou finais para criar novas palavras.",Análise linguística/semiótica (Alfabetização),Construção do sistema alfabético e da ortografia,,,,,,,
EF02LP03,Ensino Fundamental,02,,Língua Portuguesa,03,"Ler e escrever palavras com correspondências regulares diretas entre letras e fonemas (f, v, t, d, p, b) e correspondências regulares contextuais (c e q; e e o, em posição átona em final de palavra).",Análise linguística/semiótica (Alfabetização),Construção do sistema alfabético e da ortografia,,,,,,,
EF02LP04,Ensino Fundamental,02,,Língua Portuguesa,04,"Ler e escrever corretamente palavras com sílabas CV, V, CVC, CCV, identificando que existem vogais em todas as sílabas.",Análise linguística/semiótica (Alfabetização),Construção do sistema alfabético e da ortografia,,,,,,,
EF02LP05,Ensino Fundamental,02,,Língua Portuguesa,05,"Ler e escrever corretamente palavras com marcas de nasalidade (til, m, n).",Análise linguística/semiótica (Alfabetização),Construção do sistema alfabético e da ortografia,,,,,,,
EF02LP06,Ensino Fundamental,02,,Língua Portuguesa,06,Perceber o princípio acrofônico que opera nos nomes das letras do alfabeto.,Análise linguística/semiótica (Alfabetização),Conhecimento do alfabeto do português do Brasil,,,,,,,
EF02LP07,Ensino Fundamental,02,,Língua Portuguesa,07,"Escrever palavras, frases, textos curtos nas formas imprensa e cursiva.",Análise linguística/semiótica (Alfabetização),Conhecimento das diversas grafias do alfabeto/ Acentuação,,,,,,,
EF02LP08,Ensino Fundamental,02,,Língua Portuguesa,08,Segmentar corretamente as palavras ao escrever frases e textos.,Análise linguística/semiótica (Alfabetização),Segmentação de palavras/Classificação de palavras por número de sílabas,,,,,,,
EF02LP09,Ensino Fundamental,02,,Língua Portuguesa,09,"Usar adequadamente ponto final, ponto de interrogação e ponto de exclamação.",Análise linguística/semiótica (Alfabetização),Pontuação,,,,,,,
EF02LP10,Ensino Fundamental,02,,Língua Portuguesa,10,"Identificar sinônimos de palavras de texto lido, determinando a diferença de sentido entre eles, e formar antônimos de palavras encontradas em texto lido pelo acréscimo do prefixo de negação in-/im-.",Análise linguística/semiótica (Alfabetização),Sinonímia e antonímia/Morfologia/Pontuação,,,,,,,
EF02LP11,Ensino Fundamental,02,,Língua Portuguesa,11,Formar o aumentativo e o diminutivo de palavras com os sufixos -ão e -inho/-zinho.,Análise linguística/semiótica (Alfabetização),Morfologia,,,,,,,
EF02LP12,Ensino Fundamental,02,,Língua Portuguesa,12,"Ler e compreender com certa autonomia cantigas, letras de canção, dentre outros gêneros do campo da vida cotidiana, considerando a situação comunicativa e o tema/assunto do texto e relacionando sua forma de organização à sua finalidade.",Leitura/escuta (compartilhada e autônoma),Compreensão em leitura,sim,AF,EF01LP16 E EF01LP19,"• Experimentar a leitura autônoma de cantigas, letras de canção, entre outros gêneros do campo da vida cotidiana.
• Reconhecer  a situação comunicativa e o tema/assunto desses textos.
• Relacionar a situação comunicativa e o tema/assunto à forma de organização e à finalidade desses textos.","CE: 3
CA: 1 e 5
CG: 3",AF: EF02LP15; EF12LP04; EF12LP17,"Essa habilidade relaciona-se diretamente à habilidade EF02LP15 e prevê a leitura de cantigas e letras de canções. Ela trabalha as habilidades de leitura e as características de cada um dos gêneros do campo da vida cotidiana. A leitura dos textos pode ser feita com a mediação do professor e com foco na precisão na decodificação ou, ainda, segundo as hipóteses dos estudantes, que podem apoiar-se no conhecimento que possuem dos textos, cantando-os e ajustando a pauta oral ao texto escrito. No caso das letras de canções, é preciso possibilitar que eles percebam o modo como esses textos se organizam: a presença do refrão, por exemplo. Para isso, é essencial que conheçam o texto. Nesse sentido, sugere-se que essas atividades de leitura façam parte de uma sequência didática que articule diferentes práticas de linguagem relativas a esses textos."
EF02LP13,Ensino Fundamental,02,,Língua Portuguesa,13,"Planejar e produzir bilhetes e cartas, em meio impresso e/ou digital, dentre outros gêneros do campo da vida cotidiana, considerando a situação comunicativa e o tema/assunto/finalidade do texto.",Escrita (compartilhada e autônoma),Escrita autônoma e compartilhada,sim,AF,,"• Planejar bilhetes e cartas.
• Produzir bilhetes e cartas em meio impresso e/ou digital.
• Considerar a situação comunicativa e o tema/assunto/finalidade na produção desses textos.","CE:3
CA 1 e 6
CG: 5",EF:  EF15LP05; EF15LP06   AF: EF12LP04; EF02LP16   AC: EF02LP01; EF02LP04; EF02LP05; EF02LP08; EF02LP09,"Essa habilidade relaciona-se à EF02LP16 e visa desenvolver a capacidade de planejar e produzir textos conforme suas especificidades. Nesse caso, reforça-se a necessidade de planejar atividades sequenciadas que possibilitem aos estudantes desenvolver práticas de leitura, de oralidade e de produção escrita e oral desses textos. Destaca-se, aqui, a possibilidade de produção desses textos em meio digital para que os estudantes possam ampliar suas práticas de letramento digital, aprendendo a utilizar ferramentas de edição de textos."
EF02LP14,Ensino Fundamental,02,,Língua Portuguesa,14,"Planejar e produzir pequenos relatos de observação de processos, de fatos, de experiências pessoais, mantendo as características do gênero, considerando a situação comunicativa e o tema/assunto do texto. os colegas e com a ajuda do professor, versificados (letras de canção, quadrinhas, inhos, dentre outros gêneros do campo cativa e a finalidade do texto. os colegas e com a ajuda do professor, montagem, dentre outros gêneros do campo da por meio de ferramentas digitais, em áudio tema/assunto/finalidade do texto.",Escrita (compartilhada e autônoma),Escrita autônoma e compartilhada,sim,AF,,"• Planejar  a escrita de relatos de observação e de experiências.
• Produzir relatos de observação e de experiências
• Reconhecer a situação comunicativa e o tema/assunto/finalidade, considerando-os para a produção do texto.","CE: 3
CA: 3
CG: 4",EF:  EF15LP05; EF15LP06   AF: EF02LP17  AC:EF02LP01; EF02LP03; EF02LP04; EF02LP05; EF02LP08; EF02LP09,"A habilidade relaciona-se à habilidade EF02LP17, no entanto, amplia a produção para os relatos de observação de processos e de fatos, que podem não ter o caráter pessoal e afetivo comum aos relatos de experiências pessoais. Essa habilidade também visa o planejamento antes da produção, o que requer organizar as ideias para depois colocá-las no papel. Nesse caso, os relatos de observação de processos podem ser articulados às propostas de Ciências da Natureza ou até mesmo aos estudos realizados com os textos do campo das práticas de estudo e pesquisa, envolvendo experiências, testagens, hipóteses e descobertas."
EF02LP15,Ensino Fundamental,02,,Língua Portuguesa,15,"Cantar cantigas e canções, obedecendo ao ritmo e à melodia.",Oralidade,Produção de texto oral,sim,AF,EF01LP19,"• Ouvir cantigas e canções.
• Memorizar cantigas e apropriar-se da letra de algumas canções escutadas por fruição.
• Perceber o ritmo e a melodia ao ouvir cantigas e canções.","CE: 3 e 9
CA: 1 e 5
CG: 3","AF: EF12LP07 ; EF02LP12
AC: EF02LP03 e EF02LP05","A habilidade relaciona-se à habilidade EF01LP19 e prevê que os estudantes cantem cantigas e canções obedecendo ao ritmo e à melodia. Nesse caso, é essencial que eles escutem e compreendam esses textos  antes que possam cantá-lo. Por meio da escuta, eles apropriam-se das letras de cantigas e canções, sendo capazes de reproduzi-las, cantando-as e obedecendo ao ritmo e à melodia. Essa habilidade favorece o desenvolvimento da fluência leitora e possibilita explorar palavras com foco na sonoridade, de modo a contribuir para que os estudantes percebam, por exemplo, marcas de nasalidade e questões ortográficas, possibilitando o desenvolvimento das habilidades complementares EF02LP03 e EF02LP05."
EF02LP16,Ensino Fundamental,02,,Língua Portuguesa,16,"Identificar e reproduzir, em bilhetes, recados, avisos, cartas, e-mails, receitas (modo de fazer), relatos (digitais ou impressos), a formatação e diagramação específica de cada um desses gêneros.",Análise linguística/semiótica (Alfabetização),Forma de composição do texto,sim,AF,,"• Identificar a formatação e a diagramação de bilhetes, recados, avisos, cartas, e-mails, receitas, relatos em meios impressos e digitais.
• Produzir textos desses gêneros empregando a formatação e a diagramação específicas de cada um deles em meios impressos e digitais.",CE: 3,AF: EF02LP13 AC: EF02LP01; EF02LP04; EF02LP05; EF02LP08; EF02LP09,"Essa habilidade relaciona-se à habilidade EF02LP13, no entanto, pressupõe uma progressão em relação aos textos a serem trabalhados, inserindo, por exemplo, as cartas, os e-mails e os relatos. Reitera-se a necessidade de proporcionar aos estudantes situações de leitura desses textos por meio das quais eles possam investigá-los para perceber regularidades, sobretudo no que respeita à formatação e à diagramação desses textos. Assim, no momento de produzi-los, serão capazes de reproduzir de forma adequada essas especificidades, apropriando-se desses gêneros textuais. Portanto, é essencial que as atividades sejam propostas em uma sequência didática que articule práticas de leitura, de oralidade e de produção desses textos. No caso dos bilhetes, é possível criar o “correio da turma” para que troquem bilhetes entre si. Em relação às cartas, podem analisar diferentes tipos de carta em pequenos grupos e, em seguida, compartilhar as descobertas sobre cada uma delas, identificando o que há em comum entre elas e o que as difere. Sobre o e-mail, podem utilizar os computadores da escola (se possível) para criar um endereço coletivo e observar, na tela, como esse texto é organizado."
EF02LP17,Ensino Fundamental,02,,Língua Portuguesa,17,"Identificar e reproduzir, em relatos de experiências pessoais, a sequência dos fatos, utilizando expressões que marquem a passagem do tempo (“antes”, “depois”, “ontem”, “hoje”, “amanhã”, “outro dia”, “antigamente”, “há muito tempo” etc.), e o nível de informatividade necessário.",Análise linguística/semiótica (Alfabetização),Forma de composição do texto,sim,AF,,"• Identificar, em relatos de experiências pessoais, a sequência dos fatos.
• Reconhecer palavras e expressões que marcam a passagem do tempo nesses textos.
• Produzir relatos de experiências pessoais respeitando a sequência dos fatos e empregando palavras e expressões para marcar a passagem do tempo e garantir a progressão temática nesses textos.",,"EF: EF15LP03
 AF: EF02LP14","A habilidade prevê a produção de relatos de experiências pessoais organizados cronologicamente, sobretudo com a utilização das palavras que marcam a passagem do tempo e contribuem para relacionar e fazer progredir os fatos. Nesse caso, os relatos podem ser produzidos oralmente e gravados ou escritos pelo professor. Eles podem estar relacionados à vida, às lembranças, aos acontecimentos importantes da vida, a um objeto de afeto, um lugar preferido, um familiar por quem possuem afeto etc. Esses relatos podem ser acompanhados por imagens, fotos, músicas, objetos que ilustrem e representem as experiências relatadas. Se possível, as atividades podem ser articuladas com o componente curricular História."
EF02LP18,Ensino Fundamental,02,,Língua Portuguesa,18,"Planejar e produzir cartazes e folhetos para divulgar eventos da escola ou da comunidade, utilizando linguagem persuasiva e elementos textuais e visuais (tamanho da letra, leiaute, imagens) adequados ao gênero, considerando a situação comunicativa e o tema/assunto do texto.",Escrita (compartilhada e autônoma),Escrita compartilhada,sim,AF,,"• Planejar cartazes e folhetos para divulgar eventos da escola ou da comunidade.
• Produzir cartazes e folhetos utilizando linguagem persuasiva e elementos textuais e visuais (tamanho da letra, leiaute, imagens).
• Adequar os elementos textuais e visuais à situação comunicativa e ao tema/assunto do texto.","CE: 3
CA: 1 e 2
CG: 4",EF: EF15LP02; EF15LP04; EF15LP05; EF15LP06         AC: EF02LP01; EF02LP03; EF02LP08; EF02LP09,"Essa habilidade relaciona-se à habilidade EF12LP09.  Nesse sentido, sugerimos a releitura das orientações para essa habilidade. Essa habilidade foca no planejamento e na produção dos gêneros listados, por isso os estudantes devem organizar as ideias para depois colocá-las no papel. Aqui, a produção terá de partir do contexto escolar ou da comunidade e da necessidade de divulgar um evento. Será preciso coletar as informações sobre o evento (data, local, horário etc.) e pensar na forma de composição dos cartazes e/ou folhetos, considerando os elementos textuais e visuais, conforme prevê a habilidade. É importante que esses textos alcancem o público-alvo ao qual se destinam, ou seja, as pessoas que possam se interessar em participar desse evento. Os textos também precisam ser revisados e editados, pois serão divulgados para a comunidade e, por isso, precisam ser escritos de acordo com a norma-padrão da língua."
EF02LP19,Ensino Fundamental,02,,Língua Portuguesa,19,"Planejar e produzir, em colaboração com os colegas e com a ajuda do professor, notícias curtas para público infantil, para compor jornal falado que possa ser repassado oralmente ou em meio digital, em áudio ou vídeo, dentre outros gêneros do campo jornalístico, considerando a situação comunicativa e o tema/assunto do texto.",Oralidade,Produção de texto oral,sim,AF,,"• Planejar notícias curtas para o público infantil.
• Produzir em meio impresso ou digital, em situações de escrita colaborativa, notícias curtas para o público infantil.
• Compor jornal falado com as notícias produzidas.
• Utilizar ferramentas orais e/ou digitais para repassar notícias, considerando a situação comunicativa e o tema/assunto do texto.","CE: 3 e 10
CA: 1, 2 e 6
CG: 4 e 5",EF: EF02LP21; EF15LP05; EF15LP06                               AF: EF12LP11; EF12LP14   AC: EF02LP08; EF02LP09,"A habilidade relaciona-se às habilidades EF12LP11 e EF12LP14, por isso, sugere-se a releitura das orientações feitas para essas habilidades. Nesse caso, há uma especificidade em relação à composição do jornal falado e, portanto, da produção oral de notícias. É essencial que os estudantes tenham oportunidades de ouvir e de assistir a notícias veiculadas no rádio e na TV ou em podcasts. Uma atividade possível é ler uma notícia em um jornal e ouvir a mesma notícia no rádio e/ou assistir na TV para que esses textos sejam comparados. Assim, os estudantes percebem as semelhanças e diferenças entre eles e as especificidades de cada texto em função do suporte no qual serão veiculados. Dessa maneira, eles ampliam seus conhecimentos acerca desses textos e de suas possibilidades nos diferentes meios – impresso e digital – para que possam planejá-los e produzi-los."
EF02LP20,Ensino Fundamental,02,,Língua Portuguesa,20,"Reconhecer a função de textos utilizados para apresentar informações coletadas em atividades de pesquisa (enquetes, pequenas entrevistas, registros de experimentações).",Leitura/escuta (compartilhada e autônoma),Imagens analíticas em textos,,,,,,,
EF02LP21,Ensino Fundamental,02,,Língua Portuguesa,21,"Explorar, com a mediação do professor, textos informativos de diferentes ambientes digitais de pesquisa, conhecendo suas possibilidades.",Leitura/escuta (compartilhada e autônoma),Pesquisa,,,,,,,
EF02LP22,Ensino Fundamental,02,,Língua Portuguesa,22,"Planejar e produzir, em colaboração com os colegas e com a ajuda do professor, pequenos relatos de experimentos, entrevistas, verbetes de enciclopédia infantil, dentre outros gêneros do campo investigativo, digitais ou impressos, considerando a situação comunicativa e o tema/assunto/finalidade do texto.",Escrita (compartilhada e autônoma),Produção de textos,sim,AF,EF01LP22,"• Planejar pequenos relatos de experimentos, entrevistas, verbetes de enciclopédia infantil.
• Produzir, em situações de escrita colaborativa, esses textos, em meios digitais ou impressos.
• Considerar, na produção, a situação
comunicativa e o tema/assunto/finalidade do
texto.","CE: 3
CA: 1 e 2
CG: 4","EF: EF15LP04; EF15LP05; EF15LP06;  EF02LP20
AF: EF02LP23 e EF02LP24","A habilidade prevê o planejamento e a produção de textos do campo das práticas de estudo e pesquisa. Reitera-se a necessidade de propor atividades sequenciadas por meio das quais os estudantes tenham oportunidades de ler, investigar, perceber as características desses textos e compreender e aprender sobre diferentes assuntos com base nessas leituras, para que disponham dos saberes necessários para escrevê-los. Além disso, é importante que essas escritas sejam contextualizadas e que, de alguma forma, correspondam a uma necessidade dos estudantes nesse processo de descobertas de aprendizagens. Por exemplo, eles podem ter feito diversas leituras sobre os animais marinhos e, em pequenos grupos, pesquisado diferentes espécies que habitam os mares, descobrindo o que comem, seu tamanho, peso etc. Por fim, podem escrever verbetes de enciclopédia e revisar e editar os textos, para publicar a enciclopédia de animais marinhos da turma."
EF02LP23,Ensino Fundamental,02,,Língua Portuguesa,23,"Planejar e produzir, com certa autonomia, pequenos registros de observação de resultados de pesquisa, coerentes com um tema investigado.",Escrita (compartilhada e autônoma),Escrita autônoma,sim,AF,EF01LP22,"• Planejar pequenos registros de observação de resultados de pesquisa.
• Produzir com certa autonomia pequenos registros de observação de pesquisa, coerentes com um tema investigado.","CE:2 e 3
CA: 2
CG: 1 e 2","EF:EF02LP20
AF: EF02LP22, EF02LP24, EF02LP25","A habilidade prevê a organização de informações coletadas por meio de uma pesquisa sobre determinado assunto. Além de focar no planejamento e na produção de textos do campo das práticas de estudo e pesquisa. Nesse sentido, é essencial ensinar os estudantes a pesquisar, elaborando as perguntas para as quais desejam encontrar respostas, indicando fontes seguras e alertando para as possíveis informações incorretas ou falsas. É preciso ensinar a tomar notas dessas informações, comparar informações encontradas em diferentes fontes para, então, com base nelas, organizar os registros com os resultados obtidos. Como os estudantes ainda estão concluindo o processo de alfabetização, a complexidade desse trabalho de pesquisa e de registro dos resultados deve respeitar seus limites. No entanto, é essencial que eles compreendam o que significa pesquisar e quais ações e processos estão envolvidos nessa tarefa, desde a elaboração das perguntas até o registro e a partilha dos resultados."
EF02LP24,Ensino Fundamental,02,,Língua Portuguesa,24,"Planejar e produzir, em colaboração com os colegas e com a ajuda do professor, relatos de experimentos, registros de observação, entrevistas, dentre outros gêneros do campo investigativo, que possam ser repassados oralmente por meio de ferramentas digitais, em áudio ou vídeo, considerando a situação comunicativa e o tema/assunto/ finalidade do texto.",Oralidade,Exposição oral,sim,AF,EF01LP22,"• Planejar relatos de experimentos, registros de observação e entrevistas.
• Produzir, em situações de escrita colaborativa, esses textos.
• Utilizar ferramentas digitais, em áudio ou vídeo, para repassar oralmente esses textos, considerando a situação comunicativa e o tema/assunto/
finalidade do texto.","CE: 3 e 10
CA: 1, 2 e 6
CG: 4 e 5","EF: EF15LP04; EF15LP05; EF15LP06;   EF02LP20; EF02LP21
AF: EF02LP22, EF02LP23 e EF02LP25","Essa habilidade relaciona-se à habilidade EF02LP25, no entanto, possibilita a ampliação das práticas de letramento digital dos estudantes, uma vez que propõe o uso de ferramentas digitais para que os textos produzidos sejam registrados oralmente. Os etudantes podem gravar áudios ou vídeos apresentando os resultados de suas pesquisas. Um formato de mídia que tem sido muito utilizado é o podcast. Os estudantes podem ouvir alguns podcasts destinados ao público infantil e discutir sobre como produzi-los com as informações obtidas por meio das pesquisas realizadas."
EF02LP25,Ensino Fundamental,02,,Língua Portuguesa,25,"Identificar e reproduzir, em relatos de experimentos, entrevistas, verbetes de enciclopédia infantil, digitais ou impressos, a formatação e diagramação específica de cada um desses gêneros, inclusive em suas versões orais.",Análise linguística/semiótica (Alfabetização),Forma de composição dos textos/Adequação do texto às normas de escrita,sim,AF,EF01LP24,"• Identificar, em relatos de experimentos, entrevistas, verbetes de enciclopédia infantil, digitais ou impressos, a formatação e a diagramação específicas de cada um desses gêneros.
• Identificar as características desses textos em suas versões orais.
• Reproduzir a formatação e a diagramação específicas de cada um desses gêneros ao produzi-los por escrito ou oralmente.","CE: 3 e 10
CA: 1, 2 e 6
CG: 4 e 5","EF: EF15LP02; EF15LP04; EF02LP20                       AF: EF12LP17;  EF02LP23, EF02LP24    AC:EF02LP01, EF02LP09","Essa habilidade relaciona-se às habilidades EF12LP17 e EF01LP24. Nesse sentido, sugerimos a releitura das orientações para essas habilidades. Além disso, reitera-se a necessidade de proporcionar aos estudantes situações de leitura desses textos para que possam, com a mediação do professor e/ou com certa autonomia, perceber as regularidades desses gêneros textuais, sobretudo no que diz respeito à formatação e à diagramação desses textos. Nesse sentido, as atividades devem compor uma sequência didática que articule diferentes práticas de linguagem (ler, escutar, produzir por escrito ou oralmente) envolvendo os textos, para que os estudantes possam, de fato, ser capazes de reproduzir essas especificidades."
EF02LP26,Ensino Fundamental,02,,Língua Portuguesa,26,"Ler e compreender, com certa autonomia, textos literários, de gêneros variados, desenvolvendo o gosto pela leitura.",Leitura/escuta (compartilhada e autônoma),Formação do leitor literário,,,,,,,
EF02LP27,Ensino Fundamental,02,,Língua Portuguesa,27,Reescrever textos narrativos literários lidos pelo professor.,Escrita (compartilhada e autônoma),Escrita autônoma e compartilhada,sim,AF,EF01LP25,"• Ouvir textos narrativos lidos pelo professor.
• Apropriar-se do enredo dos textos narrativos lidos pelo professor sendo capaz de reconstruí-los oralmente.","CE: 2, 3, e 9
CA: 1 e 5
CG: 3","EF: EF15LP05; EF15LP06
AF: EF15LP16;EF15LP19; EF02LP28","A habilidade pressupõe a reescrita de narrativas literárias lidas pelo professor. Portanto, é essencial que o professor leia com certa frequência esses textos para os estudantes de modo que eles possam apropriar-se do enredo das narrativas, sendo capazes de reconstruí-lo para, então, reescrever sua própria narrativa. Nesse sentido, essa habilidade relaciona-se à habilidade EF02LP28 e sugere-se que as atividades de reescrita sejam organizadas em uma sequência didática articulada à leitura, à compreensão e ao reconto oral desses textos. Os estudantes podem reescrever integralmente as narrativas ou, ainda, determinada parte do enredo, como o final da história. Os estudantes devem elaborar o plano do texto, recuperando os elementos da narrativa e organizando os acontecimentos essenciais para que a história seja compreendida pelo leitor."
EF02LP28,Ensino Fundamental,02,,Língua Portuguesa,28,"Reconhecer o conflito gerador de uma narrativa ficcional e sua resolução, além de palavras, expressões e frases que caracterizam personagens e ambientes.",Análise linguística/semiótica (Alfabetização),Formas de composição de narrativas,sim,AF,EF01LP26,"• Reconhecer gêneros textuais narrativos ficcionais.
• Identificar elementos das narrativas como personagens, ambientes e enredo.
• Identificar o conflito gerador de uma narrativa e sua resolução.
• Identificar palavras, expressões e frases que caracterizam personagens e ambientes.","CE: 2, 3 e 9",AF: EF02LP27; EF15LP16; EF15LP19;,"Essa habilidade relaciona-se à habilidadeEF01LP26 e propõe uma progressão em relação à compreensão das narrativas literárias e de seus elementos. Por isso, é fundamental que o professor leia frequentemente esses textos aos estudantes e organize atividades sequenciadas por meio das quais eles possam pensar sobre esses elementos. Por exemplo, podem desenhar e descrever personagens principais; criar cartões com personagens de diversas histórias, destacando pontos fortes e fragilidades; podem ler imagens que representem ambientes das narrativas e escrever palavras-chave para caracterizá-los; ou identificar no texto lido as palavras que oferecem pistas sobre eles. Podem, ainda, encenar o momento em que surge o conflito, explicar como foi resolvido, discutindo outras soluções. Podem, também, ler diferentes versões para uma mesma história e compará-las, identificando semelhanças e diferenças. Todas essas atividades constituem exemplos de como explorar os elementos das narrativas literárias e possibilitar que os estudantes se apropriem dos enredos desses textos, a fim de que os reescrevam."
EF02LP29,Ensino Fundamental,02,,Língua Portuguesa,29,"Observar, em poemas visuais, o formato do texto na página, as ilustrações e outros efeitos visuais.",Análise linguística/semiótica (Alfabetização),Formas de composição de textos poéticos visuais,,,,,,,
EF02MA01,Ensino Fundamental,02,,Matemática,01,Comparar e ordenar números naturais (até a ordem de centenas) pela compreensão de características do sistema de numeração decimal (valor posicional e função do zero).,Números,"Leitura, escrita, comparação e ordenação de números de até três ordens pela compreensão de características do sistema de numeração decimal (valor posicional e papel do zero)",sim,EF,EF01MA04,"• Ler, interpretar e produzir escritas numéricas e, com base na observação de regularidades, levantar hipóteses sobre elas, utilizando-se da linguagem oral, de registros informais e da linguagem matemática.
• Identificar regularidades na série numérica para nomear, ler e escrever números naturais até a ordem de centena.
• Ler, escrever, comparar e ordenar números naturais pela compreensão das características do sistema de numeração decimal, agrupamentos de 10 em 10 e valor posicional.","CE: 3
CG: 1 e 4",,"Para que o aluno seja capaz de comparar números até a ordem das centenas, é necessário que ele tenha se apropriado da sequência numérica e que compreenda as regras do sistema de numeração decimal. Os alunos podem utilizar os conhecimentos sobre agrupamentos na base 10 para comparar e ordenar números, bem como pensar na decomposição do número. Descobrir padrões na sequência numérica (por exemplo, que os números entre  40 e 50 sempre se iniciam pelo algarismo 4) também pode auxiliar o aluno na comparação e ordenação de números. Utilizar a representação na reta numérica das quantidades e verificar suas posições também podem colaborar com o desenvolvimento desta habilidade."
EF02MA02,Ensino Fundamental,02,,Matemática,02,Fazer estimativas por meio de estratégias diversas a respeito da quantidade de objetos de coleções e registrar o resultado da contagem desses objetos (até 1000 unidades).,Números,"Leitura, escrita, comparação e ordenação de números de até três ordens pela compreensão de características do sistema de numeração decimal (valor posicional e papel do zero)",,,,,,,
EF02MA03,Ensino Fundamental,02,,Matemática,03,"Comparar quantidades de objetos de dois conjuntos, por estimativa e/ou por correspondência (um a um, dois a dois, entre outros), para indicar “tem mais”, “tem menos” ou “tem a mesma quantidade”, indicando, quando for o caso, quantos a mais e quantos a menos.",Números,"Leitura, escrita, comparação e ordenação de números de até três ordens pela compreensão de características do sistema de numeração decimal (valor posicional e papel do zero)",,,,,,,
EF02MA04,Ensino Fundamental,02,,Matemática,04,"Compor e decompor números naturais de até três ordens, com suporte de material manipulável, por meio de diferentes adições.",Números,Composição e decomposição de números naturais (até 1000),sim,EF,"EF02MA01
EF01MA07","• Compor e decompor números naturais até três ordens.
• Compreender a organização do sistema de numeração decimal até as centenas por meio da decomposição dos números com suporte de material manipulável e utilização de diversas representações aditivas.","CE: 3
CG: 4",,"A exploração da composição e decomposição de quantidades de até 3 ordens pode ser realizada, conforme descreve a habilidade, com o uso de materiais manipuláveis. Assim, as fichas numéricas, as cédulas do sistema monetário, o uso de jogos ou mesmo o material dourado podem favorecer a compreensão do Sistema de Numeração Decimal no que se refere à composição e decomposição de números. Vale destacar que o foco deste ano escolar é realizar decomposição utilizando adição, sendo também possível ter escritas diferenciadas. Assim, 135 pode ser decomposto em: 100 + 30 + 5; em 130 + 5; em 105 + 30; ou ainda em 100 + 20 + 10 + 5, etc. Dessa maneira, ao obter o mesmo número através de diferentes composições/decomposições, potencializa-se estratégias pessoais de cálculo dos alunos. Espera-se que a habilidade seja mobilizada pelo estudante com fluência até o final do ano, pois estabelece um conjunto de procedimentos que serão utilizados para o trabalho com as operações."
EF02MA05,Ensino Fundamental,02,,Matemática,05,Construir fatos básicos da adição e subtração e utilizá-los no cálculo mental ou escrito.,Números,Construção de fatos fundamentais da adição e da subtração,sim,AF,,"• Construir os fatos básicos da adição e da subtração tomando por base situações-problema para a construção de um repertório a ser utilizado no cálculo dessas operações.
• Resolver adições com soma até 10 e subtrações com diferença até 10  e do tipo 10 - x e com diferença entre 0 e 9, usando a estimativa e o cálculo mental para obter os resultados.","CE: 3
CG: 4",,"A partir de situações nas quais é necessário que o aluno opere com pequenas quantidades (números menores que 10), é possível construir os fatos básicos da adição e subtração. Dessa maneira, pode-se estabelecer relações importantes que sempre serão utilizadas pelo aluno. Por exemplo, conhecer que 5 + 2 = 7 (fato básico da adição) contribui para que o aluno entenda que 7 - 2 = 5 e que 7 - 5 = 2 (fatos básicos da subtração). Ao mesmo tempo, esses fatos básicos permitem aos estudantes realizar cálculos maiores futuramente. Ao realizar 15 + 7, o estudante poderá pensar 15 + 5 + 2 = 20 + 2 = 22. Finalmente, é possível apresentar os sinais de adição e de subtração (que indicam ações) e o sinal de igual (que representa equivalências entre as quantidades). Obter o mesmo número de diferentes maneiras auxilia o aluno no desenvolvimento da ideia de equivalência (obter 5 como 1 + 4, 2 + 3, 6 - 1 é um exemplo deste caso). Espera-se que esta habilidade seja mobilizada pelo aluno com fluência até o final do ano, pois ela estabelece um conjunto de procedimentos que ajudarão no trabalho posterior com o cálculo da adição e da subtração e na resolução de problemas."
EF02MA06,Ensino Fundamental,02,,Matemática,06,"Resolver e elaborar problemas de adição e de subtração, envolvendo números de até três ordens, com os significados de juntar, acrescentar, separar, retirar, utilizando estratégias pessoais.",Números,"Problemas envolvendo diferentes significados da adição e da subtração (juntar, acrescentar, separar, retirar)",sim,EF,"EF01MA08              EF02MA04
 EF02MA05","• Resolver e elaborar problemas de adição e subtração relacionados às ideias de juntar, acrescentar, separar, retirar, comparar e completar quantidades, utilizando diferentes estratégias de cálculo.
• Resolver situações-problema e construir, com base nelas, o significado da adição e da subtração.","CE: 3, 5 e 6
CG: 2, 9 e 10",EF02MA08,"Para o desenvolvimento desta habilidade, pode-se solicitar ao aluno, por exemplo, que proponha situações onde haja necessidade de: (i) agrupar um grupo com 8 objetos com outro grupo com 3 objetos (ideia de juntar); (ii) inserir, em um grupo com 8 objetos, outros 3 novos objetos (ideia de acrescentar); (iii) remover, de um grupo com 11 objetos, 3 deles (ideia de separar); (iv) solicitar que, de um grupo com 11 objetos, sejam diminuídos 3 objetos (ideia de tirar). Dessa maneira, vários conceitos são mobilizados simultaneamente, a saber: conhecimento numérico; fatos básicos da adição; fatos básicos da subtração; ideias elementares das operações (adição/subtração); resolução e elaboração de situações problemas; estratégias pessoais de cálculo; e diferentes registros para a representação da solução."
EF02MA07,Ensino Fundamental,02,,Matemática,07,"Resolver e elaborar problemas de multiplicação (por 2, 3, 4 e 5) com a ideia de adição de parcelas iguais por meio de estratégias e formas de registro pessoais, utilizando ou não suporte de imagens e/ou material manipulável.",Números,Problemas envolvendo adição de parcelas iguais (multiplicação),,,,,,,
EF02MA08,Ensino Fundamental,02,,Matemática,08,"Resolver e elaborar problemas envolvendo dobro, metade, triplo e terça parte, com o suporte de imagens ou material manipulável, utilizando estratégias pessoais.",Números,"Problemas envolvendo significados de dobro, metade, triplo e terça parte",,,,,,,
EF02MA09,Ensino Fundamental,02,,Matemática,09,"Construir sequências de números naturais em ordem crescente ou decrescente a partir de um número qualquer, utilizando uma regularidade estabelecida.",Álgebra,Construção de sequências repetitivas e de sequências recursivas,sim,AF,EF02MA01,"• Observar sequências numéricas de números naturais apresentadas em ordem crescente ou decrescente e descrever a regra dessa sequência.
• Construir sequências de números naturais em ordem crescente e decrescente a partir de um número qualquer.
• Construir sequencias recursivas e repetitivas utilizando números, figuras e objetos.","CE: 3 e 4
CG: 4","EF02MA10
EF02MA11","Além do domínio da sequência numérica, esta habilidade prevê o desenvolvimento de outros tipos de contagem, como as sequências repetitivas e as sequências recursivas. Um exemplo do primeiro caso pode corresponder à sequência dos números pares a partir do 0 (0, 2, 4, 6, 8, 10, 12, 14, 16, 18, ...), em que os algarismos das unidades se repetem a cada 5 elementos. Como exemplo de sequências recursivas, é possível utilizar a sequência de 3 em 3 a partir do 0 (0, 3, 6, 9, 12, 15, 18, 21, ...), em que cada novo termo é obtido acrescentando 3 unidades ao anterior. A percepção de padrões e regularidades em sequência é fundamental para o desenvolvimento do pensar algébrico. Realizar a contagem tanto na ordem ascendente quanto na ordem descendente potencializa o desenvolvimento desta habilidade. Ela também possibilita o desenvolvimento de sequências utilizando padrões a partir de figuras."
EF02MA10,Ensino Fundamental,02,,Matemática,10,"Descrever um padrão (ou regularidade) de sequências repetitivas e de sequências recursivas, por meio de palavras, símbolos ou desenhos.",Álgebra,Identificação de regularidade de sequências e determinação de elementos ausentes na sequência,,,,,,,
EF02MA11,Ensino Fundamental,02,,Matemática,11,"Descrever os elementos ausentes em sequências repetitivas e em sequências recursivas de números naturais, objetos ou figuras.",Álgebra,Identificação de regularidade de sequências e determinação de elementos ausentes na sequência,,,,,,,
EF02MA12,Ensino Fundamental,02,,Matemática,12,"Identificar e registrar, em linguagem verbal ou não verbal, a localização e os deslocamentos de pessoas e de objetos no espaço, considerando mais de um ponto de referência, e indicar as mudanças de direção e de sentido.",Geometria,"Localização e movimentação de pessoas e objetos no espaço, segundo pontos de referência, e indicação de mudanças de direção e sentido",sim,AF,EF01MA12,"• Observar e representar a localização e os deslocamentos de pessoas e objetos no espaço de diferentes pontos de vista.
• Aprender a se localizar com base em deslocamentos realizados, usando algum ponto de referência.
• Indicar e representar, usando linguagem verbal e não verbal, mudanças de direção e de sentido de objetos e pessoas no espaço.","CE: 6
CG: 4",EF02MA13,"Esta habilidade apresenta dois conceitos importantes a serem desenvolvidos. O primeiro refere-se a representações estáticas. Ocorre, por exemplo, quando o aluno é solicitado a utilizar dois referenciais para expressar uma determinada localização. Neste caso, uma possível sugestão é a utilização de um croqui da sala de aula e o apoio de dois objetos para indicar uma posição (a mesa da professora está entre a janela e a porta, por exemplo). O segundo conceito relaciona-se à descrição de um deslocamento. É necessário que o aluno indique a direção e o sentido do itinerário desenvolvido. Por exemplo, para vir de casa até a escola é necessário caminhar 5 quadras em linha reta, virar à direita e, depois, caminhar mais 4 quadras em linha reta."
EF02MA13,Ensino Fundamental,02,,Matemática,13,"Esboçar roteiros a ser seguidos ou plantas de ambientes familiares, assinalando entradas, saídas e alguns pontos de referência.",Geometria,Esboço de roteiros e de plantas simples,,,,,,,
EF02MA14,Ensino Fundamental,02,,Matemática,14,"Reconhecer, nomear e comparar figuras geométricas espaciais (cubo, bloco retangular, pirâmide, cone, cilindro e esfera), relacionando-as com objetos do mundo físico.",Geometria,"Figuras geométricas espaciais (cubo, bloco retangular, pirâmide, cone, cilindro e esfera): reconhecimento e características",sim,AF,EF01MA14,"• Observar, reconhecer e nomear figuras geométricas espaciais, tais como cubo, bloco retangular, pirâmide, cone, cilindro e esfera.
• Comparar as figuras geométricas espaciais (cubo, bloco retangular, pirâmide, cone, cilindro e esfera), levantando características de cada uma bem como semelhanças e diferenças entre elas.
• Relacionar os sólidos geométricos a objetos do mundo físico.","CE: 3 e 4
CG: 3 e 4",,"O foco desta habilidade está no reconhecimento dos principais sólidos geométricos a partir de seu aspecto global, na sua identificação (nome escrito ou falado) e na associação de algum objeto do mundo físico que apresente formato semelhante. Atividades em que o aluno possa reconhecer pelo menos uma das características apresentadas pelos sólidos são pertinentes para o desenvolvimento desta habilidade. Assim, propostas que envolvam modelagem, construções a partir de uma planificação dada, embalagens, etc., são boas oportunidades de exploração dos elementos relacionados a faces, vértices e arestas, por exemplo."
EF02MA15,Ensino Fundamental,02,,Matemática,15,"Reconhecer, comparar e nomear figuras planas (círculo, quadrado, retângulo e triângulo), por meio de características comuns, em desenhos apresentados em diferentes disposições ou em sólidos geométricos.",Geometria,"Figuras geométricas planas (círculo, quadrado, retângulo e triângulo): reconhecimento e características",sim,AF,EF01MA14,"• Observar, reconhecer e nomear figuras geométricas planas, tais como círculo, quadrado, retângulo e triângulo.
• Comparar as figuras geométricas planas entre elas (círculo, quadrado, retângulo e triângulo), levantando características de cada uma bem como semelhanças entre elas.
• Reconhecer as figuras planas estudadas em diferentes disposições e em sólidos geométricos estudados.","CE: 3 e 4
CG: 3 e 4",,"Para o desenvolvimento desta habilidade é possível desenvolver um trabalho no qual os alunos possam observar o mesmo sólido geométrico a partir de diferentes pontos de vista e, assim, reconhecer as figuras planas que o formam. Dessa maneira, os alunos podem conceber características importantes das figuras planas, como apresentarem (ou não) lados e vértices. A representação através de desenhos de diferentes pontos de vista do mesmo sólido geométrico contribui, também, na progressão dos níveis de compreensão geométricos do aluno, uma vez que ele começa a identificar as características do sólido geométrico estudado."
EF02MA16,Ensino Fundamental,02,,Matemática,16,"Estimar, medir e comparar comprimentos de lados de salas (incluindo contorno) e de polígonos, utilizando unidades de medida não padronizadas e padronizadas (metro, centímetro e milímetro) e instrumentos adequados.",Grandezas e medidas,"Medida de comprimento: unidades não padronizadas e padronizadas (metro, centímetro e milímetro)",sim,AF,EF01MA15,"• Identificar diferentes unidades de medida de comprimento (m e cm).
• Identificar a unidade de medida de comprimento mais adequada para realizar uma medição, como o centímetro para medir lado de polígonos e o metro para medir lado de salas.
• Estimar, medir e comparar comprimentos utilizando diferentes unidades de medida, tais como o metro e o centímetro, e diferentes instrumentos de medida padronizados e não padronizados.","CE: 1 e 3
CG: 4",EF02MA17,"Para desenvolver esta habilidade, é necessário que o aluno: (i) identifique que o comprimento é uma grandeza que pode ser medida; (ii) saiba que medir é comparar quantas vezes a unidade de medida utilizada está contida na grandeza que se pretende medir; (iii) expresse a relação citada anteriormente através de um número e uma unidade de medida. O caráter investigativo é importante neste caso, pois propicia ao estudante experimentar diferentes instrumentos de medidas para efetuar uma medição. Por exemplo, ao medir o comprimento de uma parede usando o estojo, passos (instrumentos não usuais) e até mesmo o metro (medida padrão), é possibilitado ao aluno estabelecer relações entre o número e a unidade de medida usada (quanto maior for a unidade padrão, menos vezes ela será utilizada na medição). Trata-se, neste caso, de uma conclusão fundamental para que o aluno faça a distinção entre utilizar o metro ou o centímetro para efetuar determinada medição. Espera-se que a aprendizagem sobre as unidades metro e centímetro seja mobilizada com fluência até o final do 3º ano, a qual representa apenas parte desta habilidade. Não é foco de fluência a unidade milímetro."
EF02MA17,Ensino Fundamental,02,,Matemática,17,"Estimar, medir e comparar capacidade e massa, utilizando estratégias pessoais e unidades de medida não padronizadas ou padronizadas (litro, mililitro, grama e quilograma).",Grandezas e medidas,"Medida de capacidade e de massa: unidades de medida não convencionais e convencionais (litro, , grama e quilograma) mililitro, cm",,,,,,,
EF02MA18,Ensino Fundamental,02,,Matemática,18,"Indicar a duração de intervalos de tempo entre duas datas, como dias da semana e meses do ano, utilizando calendário, para planejamentos e organização de agenda.",Grandezas e medidas,"Medidas de tempo: intervalo de tempo, uso do calendário, leitura de horas em relógios digitais e ordenação de datas",sim,EF,EF01MA17,"• Construir noções de dimensão do tempo, tais como anterioridade, posterioridade e simultaneidade.
• Identificar a duração de intervalos de tempo entre duas datas, como dias da semana e meses do ano.
• Observar um calendário anual e compreender suas características e esse instrumento como um marcador temporal.
• Utilizar o calendário como marcador de tempo para planejamentos e organização de agenda.","CE: 1 e 3
CG: 1 e 4",EF02MA19,"Para o aluno desenvolver a fluência no uso do calendário, é preciso que seja explorado noções de tempo como, por exemplo, momento presente, momento passado, momento futuro, tempo já transcorrido, tempo a transcorrer. O trabalho com o apoio do calendário (previsto na habilidade) como marcador temporal é muito útil neste caso, desde que haja a identificação dos momentos citados e a efetiva contagem entre as datas pressupostas. Realizar a contagem de diferentes maneiras (em dias, em semanas ou em meses) também colabora com o desenvolvimento desta habilidade."
EF02MA19,Ensino Fundamental,02,,Matemática,19,Medir a duração de um intervalo de tempo por meio de relógio digital e registrar o horário do início e do fim do intervalo.,Grandezas e medidas,"Medidas de tempo: intervalo de tempo, uso do calendário, leitura de horas em relógios digitais e ordenação de datas",,,,,,,
EF02MA20,Ensino Fundamental,02,,Matemática,20,Estabelecer a equivalência de valores entre moedas e cédulas do sistema monetário brasileiro para resolver situações cotidianas.,Grandezas e medidas,Sistema monetário brasileiro: reconhecimento de cédulas e moedas e equivalência de valores,sim,AF,EF02MA04,"• Conhecer cédulas e moedas brasileiras e estabelecer relações entre elas.
• Resolver problemas cotidianos envolvendo o sistema monetário.","CE: 1 e 3
CG: 1 e 4",,"O desenvolvimento desta habilidade está associado ao reconhecimento das cédulas e moedas utilizadas no sistema monetário brasileiro, a saber nomeá-las e a efetuar trocas envolvendo cédulas e moedas de diferentes valores. Um fato importante a ser desenvolvido está relacionado à quantidade de cédulas ou moedas necessárias para obter outra de valor diferente. Compor e decompor o mesmo valor utilizando notas de valores diferentes auxilia, também, em situações que envolvam compra, venda e troco de produtos pelos alunos. Nota-se que, neste último caso, trata-se de uma aplicação do conhecimento a ser desenvolvido pelos alunos."
EF02MA21,Ensino Fundamental,02,,Matemática,21,"Classificar resultados de eventos cotidianos aleatórios como “pouco prováveis”, “muito prováveis”, “improváveis” e “impossíveis”.",Probabilidade e estatística,Análise da ideia de aleatório em situações do cotidiano,,,,,,,
EF02MA22,Ensino Fundamental,02,,Matemática,22,"Comparar informações de pesquisas apresentadas por meio de tabelas de dupla entrada e em gráficos de colunas simples ou barras, para melhor compreender aspectos da realidade próxima.",Probabilidade e estatística,"Coleta, classificação e representação de dados em tabelas simples e de dupla entrada e em gráficos de colunas",sim,AF,EF01MA21,"• Ler e comparar dados apresentados em tabelas de dupla entrada, gráficos de barras ou de colunas simples envolvendo pesquisas da realidade próxima.","CE: 1, 2 e 6
CG: 4 e 7",EF02MA23,"Para explorar e desenvolver esta habilidade, é possível trabalhar a relação entre tabelas e gráficos, ou seja, a partir de um gráfico, como se organizam os dados em uma tabela e vice-versa. Sugere-se que isso seja feito coletivamente, com boas problematizações e com gráficos ou tabelas mais simples. A linguagem e os elementos relacionados à tabela (linhas, colunas, dados, fonte de dados, título, rodapé), assim como a linguagem e os elementos relacionados aos gráficos (título, fonte, eixos, legenda) devem ser progressivamente explorados com os alunos."
EF02MA23,Ensino Fundamental,02,,Matemática,23,"Realizar pesquisa em universo de até 30 elementos, escolhendo até três variáveis categóricas de seu interesse, organizando os dados coletados em listas, tabelas e gráficos de colunas simples.",Probabilidade e estatística,"Coleta, classificação e representação de dados em tabelas simples e de dupla entrada e em gráficos de colunas",,,,,,,
EF03CI01,Ensino Fundamental,03,,Ciências,01,Produzir diferentes sons a partir da vibração de variados objetos e identificar variáveis que influem nesse fenômeno.,Matéria e energia,Efeitos da luz nos materiais,,,,,,,
EF03CI02,Ensino Fundamental,03,,Ciências,02,"Experimentar e relatar o que ocorre com a passagem da luz através de objetos transparentes (copos, janelas de vidro, lentes, prismas, água etc.), no contato com superfícies polidas (espelhos) e na intersecção com objetos opacos (paredes, pratos, pessoas e outros objetos de uso cotidiano).",Matéria e energia,Saúde auditiva e visual,,,,,,,
EF03CI03,Ensino Fundamental,03,,Ciências,03,Discutir hábitos necessários para a manutenção da saúde auditiva e visual considerando as condições do ambiente em termos de som e luz.,Matéria e energia,Saúde auditiva e visual,sim,AF,EF02CI01,"• Identificar situações de risco para a saúde visual e auditiva.
• Classificar ambientes em relação à luminosidade e ao nível de ruído.
• Listar hábitos que podem causar algum tipo de risco para a saúde visual e auditiva.","CE: 5 e 7
CG: 4 e 8",EF03CI01 e EF03CI02,"Habilidade relacionada ao Objetivo de Desenvolvimento Sustentável (ODS) 3, que trata da saúde e do bem-estar. Os estudantes devem relacionar manutenção da saúde por meio de cuidados com a exposição ao som ou à luminosidade excessivos. Pode-se debater questões de saúde, como as enfermidades mais comuns na região ocasionadas pela exposição excessiva ao som e à luz."
EF03CI04,Ensino Fundamental,03,,Ciências,04,"Identificar características sobre o modo de vida (o que comem, como se reproduzem, como se deslocam etc.) dos animais mais comuns no ambiente próximo.",Vida e evolução,Características e desenvolvimento dos animais,sim,AF,EF02CI05 e EF02CI06,"• Listar animais mais comuns no ambiente próximo.
• Identificar hábitos alimentares de animais mais comuns no ambiente próximo.
• Diferenciar animais de acordo com o tipo de alimentação: herbívoros, carnívoros e omnívoros.
• Relatar como se deslocam os animais mais comuns no ambiente próximo.
• Diferenciar animais de acordo com o tipo de reprodução em ovíparos, vivíparos e ovovivíparos.","CE: 3
CG: 1 e 10",EF03CI06,"Os estudantes vão trabalhar as relações entre os animais, através da observação, reconhecimento e listagem das características da fauna da região, com foco no modo de vida. Recursos visuais, como vídeos e modelos físicos podem ajudar na observação e no estabelecimento das relações das características entre diferentes animais e outros seres de diversos ambientes."
EF03CI05,Ensino Fundamental,03,,Ciências,05,"Descrever e comunicar as alterações que ocorrem desde o nascimento em animais de diferentes meios terrestres ou aquáticos, inclusive o homem.",Vida e evolução,Características e desenvolvimento dos animais,sim,AF,EF03CI04,"• Identificar as etapas do processo de desenvolvimento de animais.
• Identificar o ser humano como integrante de um grupo de animais.
• Descrever a etapa de desenvolvimento de animais ovíparos e vivíparos.
• Comunicar as diferenças entre as fases da vida do ser humano: infância, juventude, idade adulta e velhice.","CE: 3 e 5
CG: 1 e 4",EF03CI06,"Habilidade relacionada ao ODS 15, sobre a vida na Terra. O estudante deve reconhecer, explicar, exemplificar e relatar o desenvolvimento de diferentes animais, desde seu nascimento. Construir uma linha do tempo de si e de outros animais, identificando as fases do ciclo de vida e comparando as mudanças que ocorrem entre elas pode ajudar no entendimento do desenvolvimento dos animais."
EF03CI06,Ensino Fundamental,03,,Ciências,06,"Comparar alguns animais e organizar grupos com base em características externas comuns (presença de penas, pelos, escamas, bico, garras, antenas, patas etc.).",Vida e evolução,Características e desenvolvimento dos animais,,,,,,,
EF03CI07,Ensino Fundamental,03,,Ciências,07,"Identificar características da Terra (como seu formato esférico, a presença de água, solo etc.), com base na observação, manipulação e comparação de diferentes formas de representação do planeta (mapas, globos, fotografias etc.).",Terra e Universo,Observação do céu,sim,AF,EF02CI07,"• Manipular diferentes formas de representação do planeta (mapas, globos, fotografias etc.).
• Identificar elementos observados nas diferentes representações da Terra.
• Identificar características da Terra, como seu formato esférico, a presença de solo, água etc.","CE: 3 e 6
CG: 2 e 7","EF03CI09
EF03CI10","Manipular representações como mapas e globos, analógicos ou digitais, pode ajudar a desenvolver essa habilidade por meio da experimentação. Outra possibilidade é elaborar pequenos desafios, para que os estudantes explorem tais instrumentos. Pode-se identificar e comparar as características da Terra em distintos modelos, indicando as fontes de informação utilizadas."
EF03CI08,Ensino Fundamental,03,,Ciências,08,"Observar, identificar e registrar os períodos diários (dia e/ou noite) em que o Sol, demais estrelas, Lua e planetas estão visíveis no céu.",Terra e Universo,Usos do solo,sim,AF,EF01CI05 e EF02CI07,"• Observar e registar os aspectos do céu em diferentes momentos do dia e da noite.
• Identificar astros observáveis no céu: o Sol e demais estrelas, a Lua e os planetas.
• Relacionar a rotina com os períodos diários (dia e noite).","CE: 2 e 3
CG: 2, 7 e 8",,"Pode-se propor relatar e representar observações visíveis dos fenômenos astronômicos, mas o uso de vídeos e recursos digitais pode também ajudar a observar o céu em diferentes períodos do dia. Pode ser complementada com a utilização de outros marcadores, como referência aos ciclos do Sol, da lua e das estrelas que são relacionados aos ciclos produtivos da vida e à cultura."
EF03CI09,Ensino Fundamental,03,,Ciências,09,"Comparar diferentes amostras de solo do entorno da escola com base em características como cor, textura, cheiro, tamanho das partículas, permeabilidade etc.",Terra e Universo,Usos do solo,,,,,,,
EF03CI10,Ensino Fundamental,03,,Ciências,10,"Identificar os diferentes usos do solo (plantação e extração de materiais, dentre outras possibilidades), reconhecendo a importância do solo para a agricultura e para a vida.",Terra e Universo,Usos do solo,,,,,,,
EF03ER01,Ensino Fundamental,03,,Ensino Religioso,01,Identificar e respeitar os diferentes espaços e territórios religiosos de diferentes tradições e movimentos religiosos.,Identidades e alteridades,Espaços e territórios religiosos,,,,,,,
EF03ER02,Ensino Fundamental,03,,Ensino Religioso,02,Caracterizar os espaços e territórios religiosos como locais de realização das práticas celebrativas.,Identidades e alteridades,Espaços e territórios religiosos,,,,,,,
EF03ER03,Ensino Fundamental,03,,Ensino Religioso,03,"Identificar e respeitar práticas celebrativas (cerimônias, orações, festividades, peregrinações, entre outras) de diferentes tradições religiosas.",Manifestações religiosas,Práticas celebrativas,,,,,,,
EF03ER04,Ensino Fundamental,03,,Ensino Religioso,04,Caracterizar as práticas celebrativas como parte integrante do conjunto das manifestações religiosas de diferentes culturas e sociedades.,Manifestações religiosas,Práticas celebrativas,,,,,,,
EF03ER05,Ensino Fundamental,03,,Ensino Religioso,05,"Reconhecer as indumentárias (roupas, acessórios, símbolos, pinturas corporais) utilizadas em diferentes manifestações e tradições religiosas.",Manifestações religiosas,Indumentárias religiosas,,,,,,,
EF03ER06,Ensino Fundamental,03,,Ensino Religioso,06,Caracterizar as indumentárias como elementos integrantes das identidades religiosas.,Manifestações religiosas,Indumentárias religiosas,,,,,,,
EF03GE01,Ensino Fundamental,03,,Geografia,01,"Identificar e comparar aspectos culturais dos grupos sociais de seus lugares de vivência, seja na cidade, seja no campo.",O sujeito e seu lugar no mundo,A cidade e o campo: aproximações e diferenças,,,,,,,
EF03GE02,Ensino Fundamental,03,,Geografia,02,"Identificar, em seus lugares de vivência, marcas de contribuição cultural e econômica de grupos de diferentes origens.",O sujeito e seu lugar no mundo,A cidade e o campo: aproximações e diferenças,sim,AF,,"• Reconhecer a influência cultural de grupos sociais provenientes de diversas localidades do Brasil e do mundo nos lugares de vivência.
• Reconhecer a influência cultural de povos indígenas, europeus, africanos e asiáticos nos lugares de vivência levando em conta elementos como língua, alimentação, arquitetura, vestimenta, entre outros.
• Valorizar a diversidade cultural de comunidades tradicionais (como caiçaras, ribeirinhos, seringueiros, quilombolas) e de povos indígenas brasileiros.
• Investigar manifestações culturais (artísticas, musicais, esportivas ou de lazer) realizadas por grupos sociais de seus lugares de vivência.","CG: 1 e 9
CA: 1, 4 e 7
CE: 3 e 6","AC:
- EF03GE01: amplia o conhecimento da AF.
- EF03GE03: pode ser desenvolvida junto à AF.
AF:
- EF03GE06: pode ser desenvolvida junto à AF.
- EF03GE07: pode ser desenvolvida junto à AF.
- EF03HI08: amplia o conhecimento da AF.","O desenvolvimento dessa habilidade possibilita o estudante  identificar  influências  que migrantes, diversos povos  (indígenas, europeus, africanos e asiáticos), comunidades tradicionais (caiçaras, ribeirinhos, seringueiros, quilombolas, entre outros) tiveram ao longo do tempo no lugar de viver, influenciando os hábitos e marcando diversas formas de manifestações culturais percebidas no dia a dia. O trabalho dessa habilidade favorece desenvolver os princípios de raciocínio geográfico relacionados à analogia e diferenciação, levando em consideração aspectos populacionais e sociais ligados à formação cultural diversa.
Essa habilidade pode ser trabalhada de forma conjunta com História (habilidade EF03HI08), permitindo a aproximação com os temas contemporâneos transversais de diversidade cultural e educação das relações étnico-raciais e ensino de História e cultura afro-brasileira, africana e indígena."
EF03GE03,Ensino Fundamental,03,,Geografia,03,Reconhecer os diferentes modos de vida de povos e comunidades tradicionais em distintos lugares.,O sujeito e seu lugar no mundo,A cidade e o campo: aproximações e diferenças,,,,,,,
EF03GE04,Ensino Fundamental,03,,Geografia,04,"Explicar como os processos naturais e históricos atuam na produção e na mudança das paisagens naturais e antrópicas nos seus lugares de vivência, comparando-os a outros lugares.",Conexões e escalas,Paisagens naturais e antrópicas em transformação,,,,,,,
EF03GE05,Ensino Fundamental,03,,Geografia,05,"Identificar alimentos, minerais e outros produtos cultivados e extraídos da natureza, comparando as atividades de trabalho em diferentes lugares.",Mundo do trabalho,Matéria-prima e indústria,sim,AF,EF02GE07,"• Identificar diferentes produtos extraídos, cultivados ou produzidos a partir de elementos da natureza.
• Relacionar diferentes atividades econômicas aos tipos de trabalho associados a cada uma delas.
• Comparar diferentes tipos de trabalho realizados no campo e na cidade.
• Investigar transformações de paisagens e impactos ambientais causados pela atividade agropecuária, extrativista e industrial.","CG: 1 e 2
CA: 1, 4 e 7
CE: 2 e 3","AC:
- EF03GE04: pode ser desenvolvida junto à AF.
- EF03GE11: pode ser desenvolvida junto à AF.
AF:
- EF03GE07: pode ser desenvolvida junto à AF
- EF03HI08: amplia o conhecimento da AF.","O desenvolvimento dessa habilidade possibilita ao estudante analisar o espaço geográfico tendo em vista as ações humanas que transformam a natureza e os recursos naturais por meio do trabalho, a fim de atender suas necessidades sociais. Nesse sentido, reconhecer características do mundo do trabalho é importante para que se compreenda como as pessoas transformam e organizam o espaço de diversas maneiras. Neste ano, interessa que o estudante identifique diferentes matérias-primas e produtos extraídos, cultivados ou produzidos a partir de elementos da natureza, comparando as atividades de trabalho em diferentes localidades, por exemplo, campo e cidade. É interessante apresentar atividades de reconhecimento de transformações da paisagem em diferentes localidades por meio de diversas atividades econômicas, associando-as aos seus possíveis impactos socioambientais. Essa habilidade permite um trabalho com o tema contemporâneo transversal trabalho e com o ODS 8.
Essa habilidade pode ser desenvolvida de forma conjunta com o componente História (habilidade EF03HI08)."
EF03GE06,Ensino Fundamental,03,,Geografia,06,Identificar e interpretar imagens bidimensionais e tridimensionais em diferentes tipos de representação cartográfica.,Formas de representação e pensamento espacial,Representações cartográficas,sim,AF/AC,EF02GE08 e EF02GE09,"• Diferenciar representações do espaço geográfico bidimensionais (croquis e plantas cartográficas) e tridimensionais (maquete e globo terrestre).
 • Interpretar croquis, plantas cartográficas ou maquetes relacionados a recursos hídricos e/ou locais de coleta e destino de lixo.","CG: 1 e 4
CA: 7
CE: 3 e 4","AF:
- EF03GE09: pode ser desenvolvida junto à AF.
- EF03HI10: amplia o conhecimento da AF.","O desenvolvimento dessa habilidade relacionada à alfabetização cartográfica deve ser realizado juntamente com as habilidades relativas à alfabetização geográfica, visto que a cartografia é um recurso essencial para as análises espaciais e a construção do raciocínio geográfico. O desenvolvimento dessa habilidade deve ser acompanhado com atividades de identificação e diferenciação de imagens bidimensionais (desenhos, fotos aéreas, imagens de satélite, plantas, mapas) de tridimensionais (globo terrestre e maquete).  Ao comparar essas diferentes formas de representação, vale retomar a questão dos pontos de vista  (visão vertical, oblíqua e frontal).
Essa habilidade pode ser trabalhada conjuntamente com o componente História por meio da proposta de mapeamento de espaços públicos nos lugares de vivência, viabilizando a identificação das suas diferentes funções para a sociedade (EF03HI10)."
EF03GE07,Ensino Fundamental,03,,Geografia,07,Reconhecer e elaborar legendas com símbolos de diversos tipos de representações em diferentes escalas cartográficas.,Formas de representação e pensamento espacial,Representações cartográficas,sim,AF/AC,EF02GE08 e EF02GE09,"• Reconhecer a importância da legenda para a interpretação de símbolos, linhas, cores e padrões utilizados em representações cartográficas.
• Comparar representações cartográficas de mesma localidade em diferentes escalas com base em elementos da paisagem representados em suas legendas.
• Interpretar legenda de representações cartográficas relacionadas a elementos da paisagem de espaços rurais e urbanos de um município e/ou dos lugares de vivência.","CG: 1 e 4
CA: 7
CE: 3 e 4","AF:
- EF03GE05: pode ser desenvolvida junto à AF.
- EF03HI05: amplia o conhecimento da AF.
- EF03HI10: amplia o conhecimento da AF.","O desenvolvimento dessa habilidade relacionada à alfabetização cartográfica possibilita um aprofundamento sobre relevantes técnicas e recursos da linguagem cartográfica, ao se ater na questão das legendas de plantas e mapas de distintas escalas. Vale construir junto ao estudante a ideia de que a legenda é como se fosse um alfabeto que codifica o significado de símbolos, linhas, cores e padrões dos mapa ou planta cartográfica e informa o que foi representado. Importante realizar um trabalho de construção preliminar da noção de escala, em que o aluno possa perceber que a realidade pode ser reduzida ou ampliada, apresentando mais ou menos detalhes, conforme a proporção matemática que for adotada na representação gráfica.
Essa habilidade pode ser trabalhada de forma conjunta com o componente História tendo por base representações relacionadas aos registros de memória na cidade (EF03HI05) e de mapeamento de espaços públicos no lugar em que vive (EF03HI10)."
EF03GE08,Ensino Fundamental,03,,Geografia,08,"Relacionar a produção de lixo doméstico ou da escola aos problemas causados pelo consumo excessivo e construir propostas para o consumo consciente, considerando a ampliação de hábitos de redução, reúso e reciclagem/descarte de materiais consumidos em casa, na escola e/ou no entorno.","Natureza, ambientes e qualidade de vida","Produção, circulação e consumo",,,,,,,
EF03GE09,Ensino Fundamental,03,,Geografia,09,"Investigar os usos dos recursos naturais, com destaque para os usos da água em atividades cotidianas (alimentação, higiene, cultivo de plantas etc.), e discutir os problemas ambientais provocados por esses usos.","Natureza, ambientes e qualidade de vida",Impactos das atividades humanas,sim,AF,EF03GE05,"• Identificar os principais usos da água nas atividades cotidianas domésticas, na geração de energia e na agricultura (ou em outras atividades como pecuária, extrativismo e indústria).
• Refletir sobre os problemas que os usos indevidos da água podem acarretar ao ambiente e ao abastecimento humano.
• Refletir sobre atitudes individuais relacionadas à produção e ao descarte do lixo (no espaço doméstico e escolar), a fim de construir propostas em favor da preservação do ambiente e da qualidade de vida das pessoas.","CG: 1 e 4
CA: 3 e 7
CE: 1, 2 e 6","AF:
- EF03GE06: pode ser desenvolvida junto à AF.
AC:
- EF03GE08: pode ser desenvolvida junto à AF.
- EF03GE10: pode ser desenvolvida junto à AF.","O desenvolvimento dessa habilidade permite ao estudante um aprofundamento sobre a questão dos impactos ambientais resultantes das ações humanas que envolvem a extração e transformação dos recursos naturais, com destaque para  a questão dos usos da água (doméstico e nas atividades econômicas) e, principalmente, nas formas de poluição desse recurso. Também se propõe investigar ações relacionadas à produção e ao descarte do lixo nos lugares de vivência. Ao se ater à essa questão, pode-se propor o aprofundamento da temática do saneamento básico (que além do tratamento da água e do lixo, abarca o tratamento do esgoto). As propostas de atividades devem levar o estudante a desenvolver as noções iniciais de: consumo consciente, sustentabilidade e corresponsabilidade por meio de ações de conscientização nos locais de vivências (moradia, escola e vizinhança). Podem-se sugerir atividades práticas nas quais ele proponha ações de sustentabilidade envolvendo o uso da água e o destino do lixo no espaço da moradia, em espaços públicos, como as praças e parques. Esta atividade permite aproximação com os ODS 16 e 17."
EF03GE10,Ensino Fundamental,03,,Geografia,10,Identificar os cuidados necessários para utilização da água na agricultura e na geração de energia de modo a garantir a manutenção do provimento de água potável.,"Natureza, ambientes e qualidade de vida",Impactos das atividades humanas,,,,,,,
EF03GE11,Ensino Fundamental,03,,Geografia,11,"Comparar impactos das atividades econômicas urbanas e rurais sobre o ambiente físico natural, assim como os riscos provenientes do uso de ferramentas e máquinas.","Natureza, ambientes e qualidade de vida",Impactos das atividades humanas,,,,,,,
EF03HI01,Ensino Fundamental,03,,História,01,"Identificar os grupos populacionais que formam a cidade, o município e a região, as relações estabelecidas entre eles e os eventos que marcam a formação da cidade, como fenômenos migratórios (vida rural/vida urbana), desmatamentos, estabelecimento de grandes empresas etc.",As pessoas e os grupos que compõem a cidade e o município,"O “Eu”, o “Outro” e os diferentes grupos sociais e étnicos que compõem a cidade e os municípios: os desafios sociais, culturais e ambientais do lugar onde vive",,,,,,,
EF03HI02,Ensino Fundamental,03,,História,02,"Selecionar, por meio da consulta de fontes de diferentes naturezas, e registrar acontecimentos ocorridos ao longo do tempo na cidade ou região em que vive.",As pessoas e os grupos que compõem a cidade e o município,"O “Eu”, o “Outro” e os diferentes grupos sociais e étnicos que compõem a cidade e os municípios: os desafios sociais, culturais e ambientais do lugar onde vive",,,,,,,
EF03HI03,Ensino Fundamental,03,,História,03,"Identificar e comparar pontos de vista em relação a eventos significativos do local em que vive, aspectos relacionados a condições sociais e à presença de diferentes grupos sociais e culturais, com especial destaque para as culturas africanas, indígenas e de migrantes.",As pessoas e os grupos que compõem a cidade e o município,"O “Eu”, o “Outro” e os diferentes grupos sociais e étnicos que compõem a cidade e os municípios: os desafios sociais, culturais e ambientais do lugar onde vive",,,,,,,
EF03HI04,Ensino Fundamental,03,,História,04,"Identificar os patrimônios históricos e culturais de sua cidade ou região e discutir as razões culturais, sociais e políticas para que assim sejam considerados.",As pessoas e os grupos que compõem a cidade e o município,Os patrimônios históricos e culturais da cidade e/ou do município em que vive,,,,,,,
EF03HI05,Ensino Fundamental,03,,História,05,Identificar os marcos históricos do lugar em que vive e compreender seus significados.,O lugar em que vive,"A produção dos marcos da memória: os lugares de memória (ruas, praças, escolas, monumentos, museus etc.)",sim,AF,EF02HI04 e EF02HI06,"• Selecionar, por meio da consulta de fontes de diferentes naturezas, e registrar acontecimentos ocorridos ao longo do tempo na cidade ou região em que vive.
• Identificar os registros de memória na cidade (nomes de ruas, monumentos, edifícios etc.), discutindo os critérios que explicam a escolha desses nomes.
• Identificar e comparar pontos de vista em relação a eventos significativos do local em que vive, aspectos relacionados a condições sociais e à presença de diferentes grupos sociais e culturais, com especial destaque para as culturas africanas, indígenas e de migrantes.","CG: 1 e 2
CA: 5
CE: 2 e 6","AC:
- EF03HI02: pode ser desenvolvida junto à AF.
- EF03HI06: pode ser desenvolvida junto à AF.
- EF03HI03: pode ser desenvolvida junto à AF.
AF:
- EF03GE07: amplia o conhecimento da AF.","Como possibilidade de atividade, é possível realizar trabalhos de campo, em que o estudante, por meio da observação, da realização de entrevistas e de anotações diversas, poderá analisar os registros de memória da cidade, assim como propor uma reflexão sobre histórias e memórias silenciadas ou esquecidas. Como descrito na BNCC, esse tipo de trabalho, sobretudo a capacidade da observação, contribui para a compreensão acerca do espaço biográfico, no qual articulam-se as experiências do estudante com seus lugares de vivência. Sugestão de artigo da Nova Escola, intitulado: “Como planejar o trabalho de campo em Geografia”. Disponível em: - https://novaescola.org.br/conteudo/1628/como-planejar-o-trabalho-de-campo-em-geografia. (Acesso em: maio 2020.)
É possível também um trabalho conjunto com o componente Geografia, a partir da habilidade (EF03GE07), que destaca a importância da criação e do reconhecimento das legendas com símbolos de diversos tipos de representação em diferentes escalas cartográficas, tendo por base os registros de memória da cidade. Lembre-se que os estudantes devem compreender a legenda como se ela fosse um alfabeto que decifra o significado de símbolos, linhas, cores e padrões que foram utilizados em representações cartográficas e gráficas diversas, pois sem a legenda, é difícil acessar e compreender a informação representada."
EF03HI06,Ensino Fundamental,03,,História,06,"Identificar os registros de memória na cidade (nomes de ruas, monumentos, edifícios etc.), discutindo os critérios que explicam a escolha desses nomes.",O lugar em que vive,"A produção dos marcos da memória: os lugares de memória (ruas, praças, escolas, monumentos, museus etc.)",,,,,,,
EF03HI07,Ensino Fundamental,03,,História,07,"Identificar semelhanças e diferenças existentes entre comunidades de sua cidade ou região, e descrever o papel dos diferentes grupos sociais que as formam.",O lugar em que vive,A produção dos marcos da memória: formação cultural da população,,,,,,,
EF03HI08,Ensino Fundamental,03,,História,08,"Identificar modos de vida na cidade e no campo no presente, comparando-os com os do passado.",O lugar em que vive,"A produção dos marcos da memória: a cidade e o campo, aproximações e diferenças",sim,AF,EF02HI01 e EF03HI05,"• Identificar os grupos populacionais que formam a cidade, o município e a região, as relações estabelecidas entre eles e os eventos que marcam a formação da cidade, como fenômenos migratórios (vida rural/vida urbana), desmatamentos, estabelecimento de grandes empresas etc.
• Identificar semelhanças e diferenças existentes entre comunidades de sua cidade ou região, e descrever o papel dos diferentes grupos sociais que as formam.
• Identificar diferenças entre formas de trabalho realizadas na cidade e no campo, considerando também o uso da tecnologia nesses diferentes contextos.","CG: 1, 2 e 6
CA: 2 e 5
CE: 2 e 6","AC:
- EF03HI01: pode ser desenvolvida junto à AF.
- EF03HI07: pode ser desenvolvida junto à AF.
- EF03HI11: pode ser desenvolvida junto à AF.
AF:
- EF03GE02: amplia o conhecimento da AF.
- EF03GE05: amplia o conhecimento da AF.","Essa habilidade pode ser trabalhada com o componente Geografia, por meio da habilidade (EF03GE02). É possível, por exemplo, propor um trabalho conjunto de identificação dos grupos populacionais que formam a cidade e o município onde vive o estudante e também das relações estabelecidas entre eles, permitindo a análise de eventos que marcam a formação da cidade valorizando assim a multiculturalidade brasileira. O trabalho com essa habilidade também permite identificar e comparar pontos de vista em relação a eventos significativos do lugar de vivência do estudante, considerando o papel e a presença de diferentes grupos sociais e culturais, com destaque para as culturas africanas, indígenas e de migrantes. Também possibilita um trabalho de identificação de semelhanças e diferenças existentes entre as comunidades que formam a cidade onde vive o estudante e a descrição do papel dos diferentes grupos sociais lá presentes. Mediante isso, as habilidades do componente História que envolvem identificação podem aqui ser desenvolvidas, uma vez que prevê uma seleção, por meio da consulta de diferentes fontes e registros históricos. Essa proposta permite aproximação com os temas contemporâneos transversais diversidade cultural e educação das relações étnico-raciais e ensino de História e cultura afro-brasileira, africana e indígena.
(ATENÇÃO: como o componente Geografia ainda não apresentou ao estudante a noção de região, contemplada nesta habilidade focal (EF03HI08) de História, sugere-se o desenvolvimento de atividades restritas ao domínio da escala local, em que o estudante investigue a cidade e/ou município onde vive, ou seja, seus espaços de vivências.)
Também é possível uma articulação com a habilidade (EF03GE05) do componente Geografia, uma vez que permite ao estudante identificar diferenças entre formas de trabalho realizadas na cidade e no campo, considerando também o uso da tecnologia nesses diferentes contextos. Reconhecer características do mundo do trabalho é muito importante para que se compreenda como as pessoas transformam o espaço e organizam o tempo. É também possível a proposição de um trabalho acerca dos modos de vida na cidade e no campo no tempo presente, comparando-os com os do passado ou, então, da relação de trabalho em diferentes tempos e espaços, como o campo e a cidade, reconhecendo mudanças e permanências. Essa articulação também permite ao estudante identificar os resultados das relações estabelecidas entre grupos socias e seus espaços de vivência, identificando as formas como transformam a paisagem em seu entorno, por exemplo: desmatamentos, construção de estabelecimentos, edificações e obras de infraestrutura. Essa proposta permite aproximação com o tema contemporâneo trabalho."
EF03HI09,Ensino Fundamental,03,,História,09,"Mapear os espaços públicos no lugar em que vive (ruas, praças, escolas, hospitais, prédios da Prefeitura e da Câmara de Vereadores etc.) e identificar suas funções.",A noção de espaço público e privado,"A cidade, seus espaços públicos e privados e suas áreas de conservação ambiental",,,,,,,
EF03HI10,Ensino Fundamental,03,,História,10,"Identificar as diferenças entre o espaço doméstico, os espaços públicos e as áreas de conservação ambiental, compreendendo a importância dessa distinção.",A noção de espaço público e privado,"A cidade, seus espaços públicos e privados e suas áreas de conservação ambiental",sim,AF,EF02HI01,"• Diferenciar espaços domésticos e públicos, com base no reconhecimento de suas funções e atribuições.
• Mapear os espaços públicos no lugar em que vive (ruas, praças, escolas, hospitais, prédios da Prefeitura e da Câmara de Vereadores etc.) e identificar suas funções.","CG: 1 e 2
CA: 2 e 7
CE: 3 e 6","AC:
- EF03HI09: pode ser desenvolvida junto à AF.
AF:
- EF03GE06: amplia o conhecimento da AF.
- EF03GE07: amplia o conhecimento da AF.","Essa habilidade pode ser trabalhada conjuntamente com a habilidade (EF03GE06) do componente Geografia, por meio da proposta de atividades de mapeamento de espaços públicos no lugar em que vive, permitindo ao estudante identificar as diferentes funções destes espaços de vivência, utilizando, por exemplo, croquis e plantas cartográficas. É possível também desenvolver a habilidade (EF03GE07), que destaca a importância da criação e do reconhecimento das legendas com símbolos nas atividades de mapeamento de diferentes escalas dos espaços públicos do lugar onde vive o estudante."
EF03HI11,Ensino Fundamental,03,,História,11,"Identificar diferenças entre formas de trabalho realizadas na cidade e no campo, considerando também o uso da tecnologia nesses diferentes contextos.",A noção de espaço público e privado,"A cidade e suas atividades: trabalho, cultura e lazer",,,,,,,
EF03HI12,Ensino Fundamental,03,,História,12,"Comparar as relações de trabalho e lazer do presente com as de outros tempos e espaços, analisando mudanças e permanências.",A noção de espaço público e privado,"A cidade e suas atividades: trabalho, cultura e lazer",,,,,,,
EF03LP01,Ensino Fundamental,03,,Língua Portuguesa,01,"Ler e escrever palavras com correspondências regulares contextuais entre grafemas e fonemas – c/qu; g/gu; r/rr; s/ss; o (e não u) e e (e não i) em sílaba átona em final de palavra – e com marcas de nasalidade (til, m, n).",Análise linguística/semiótica (Ortografização),Construção do sistema alfabético e da ortografia,,,,,,,
EF03LP02,Ensino Fundamental,03,,Língua Portuguesa,02,"Ler e escrever corretamente palavras com sílabas CV, V, CVC, CCV, VC, VV, CVV, identificando que existem vogais em todas as sílabas.",Análise linguística/semiótica (Ortografização),Construção do sistema alfabético e da ortografia,,,,,,,
EF03LP03,Ensino Fundamental,03,,Língua Portuguesa,03,"Ler e escrever corretamente palavras com os dígrafos lh, nh, ch.",Análise linguística/semiótica (Ortografização),Construção do sistema alfabético e da ortografia,,,,,,,
EF03LP04,Ensino Fundamental,03,,Língua Portuguesa,04,"Usar acento gráfico (agudo ou circunflexo) em monossílabos tônicos terminados em a, e, o e em palavras oxítonas terminadas em a, e, o, seguidas ou não de s.",Análise linguística/semiótica (Ortografização),Conhecimento das diversas grafias do alfabeto/ Acentuação,,,,,,,
EF03LP05,Ensino Fundamental,03,,Língua Portuguesa,05,"Identificar o número de sílabas de palavras, classificando-as em monossílabas, dissílabas, trissílabas e polissílabas.",Análise linguística/semiótica (Ortografização),Segmentação de palavras/Classificação de palavras por número de sílabas,,,,,,,
EF03LP06,Ensino Fundamental,03,,Língua Portuguesa,06,"Identificar a sílaba tônica em palavras, classificando-as em oxítonas, paroxítonas e proparoxítonas.",Análise linguística/semiótica (Ortografização),Construção do sistema alfabético,,,,,,,
EF03LP07,Ensino Fundamental,03,,Língua Portuguesa,07,"Identificar a função na leitura e usar na escrita ponto final, ponto de interrogação, ponto de exclamação e, em diálogos (discurso direto), dois-pontos e travessão.",Análise linguística/semiótica (Ortografização),Pontuação,,,,,,,
EF03LP08,Ensino Fundamental,03,,Língua Portuguesa,08,"Identificar e diferenciar, em textos, substantivos e verbos e suas funções na oração: agente, ação, objeto da ação.",Análise linguística/semiótica (Ortografização),Morfologia/Morfossintaxe,,,,,,,
EF03LP09,Ensino Fundamental,03,,Língua Portuguesa,09,"Identificar, em textos, adjetivos e sua função de atribuição de propriedades aos substantivos.",Análise linguística/semiótica (Ortografização),Morfossintaxe,,,,,,,
EF03LP10,Ensino Fundamental,03,,Língua Portuguesa,10,"Reconhecer prefixos e sufixos produtivos na formação de palavras derivadas de substantivos, de adjetivos e de verbos, utilizando-os para compreender palavras e para formar novas palavras.",Análise linguística/semiótica (Ortografização),Morfologia,,,,,,,
EF03LP11,Ensino Fundamental,03,,Língua Portuguesa,11,"Ler e compreender, com autonomia, textos injuntivos instrucionais (receitas, instruções de montagem etc.), com a estrutura própria desses textos (verbos imperativos, indicação de passos a ser seguidos) e mesclando palavras, imagens e recursos gráfico- visuais, considerando a situação comunicativa e o tema/assunto do texto.",Leitura/escuta (compartilhada e autônoma),Compreensão em leitura,sim,AF,EF12LP04,"• Reconhecer as condições de produção dos textos (função social, autor, suporte).
• Reconhecer a estrutura do texto e a linguagem própria dos gêneros instrucionais.
• Relacionar linguagem verbal e não verbal, analisando seu efeito de sentido.","CG: 4
CE: 2, 3 e 7
CA:  2 e 6","EF: EF35LP03; EF35LP04; EF35LP12
AC: EF03LP01; EF03LP02; EF03LP03; EF03LP07; EF03LP08, EF03LP09; EF03LP16
AF: EF03LP14","Essa habilidade prevê um trabalho autônomo de leitura de diferentes textos instrucionais: receitas, regras de jogo, bulas, entre outros gêneros do campo da vida cotidiana. Assim, consideram-se o reconhecimento de características próprias desses gêneros (estrutura, marcas linguísticas, conteúdo temático), bem como a situação comunicativa, o tema/assunto e os recursos multissemióticos. Desse modo, sugere-se o planejamento de diferentes modalidades didáticas de leitura, a fim de que o estudante possa desenvolver estratégias de leitura para, com autonomia, reconhecer, comparar e analisar as características estruturais e linguísticas dos textos injuntivos instrucionais. Nesse sentido, é possível propor atividades de quebra-cabeça textual para que os estudantes reorganizem uma receita culinária impressa, por exemplo. Sugere-se, ainda, a análise de vídeos de receitas culinárias, a fim de verificar os recursos multissemióticos próprios desse tipo de texto, de modo a estabelecer relações com a habilidade complementar EF03LP16 e, também, com a habilidade EF03LP08, no que se refere ao estudo dos verbos no modo imperativo. Além disso, a habilidade pode ser trabalhada em parceria com Arte, no que se refere à exploração de imagens e recursos gráﬁco-visuais em textos impressos e vídeos; também, em projetos interdisciplinares articulados à Educação Física com o propósito de  compreender a estrutura, as instruções de montagem, o passo a passo etc. de diferentes tipos de jogo."
EF03LP12,Ensino Fundamental,03,,Língua Portuguesa,12,"Ler e compreender, com autonomia, cartas pessoais e diários, com expressão de sentimentos e opiniões, dentre outros gêneros do campo da vida cotidiana, de acordo com as convenções do gênero carta e considerando a situação comunicativa e o tema/assunto do texto.",Leitura/escuta (compartilhada e autônoma),Compreensão em leitura,sim,AF,,"• Reconhecer as convenções do gênero carta, a situação comunicativa e o tema/assunto do texto.
• Experimentar a leitura de cartas pessoais, diários e outros gêneros do campo da vida cotidiana, com expressividade e subjetividade, considerando as especificidades do gênero, a situação comunicativa e o tema/assunto.",CE: 3 e 7                                          CA: 1 e 2,EF: EF35LP03; EF35LP04  AC: EF03LP01;  EF03LP02; EF03LP03;  EF03LP07; EF03LP08; EF03LP09; EF03LP17,"Trata-se de uma habilidade que requer o planejamento autônomo de situações de leitura com o propósito de reconhecer as características próprias dos diferentes gêneros do campo da vida cotidiana (convenções, marcas linguísticas, conteúdo temático), bem como a situação comunicativa e o tema/assunto do texto. Para isso, propõem-se rodas de leituras permanentes de cartas pessoais e diários, a fim de ampliar o repertório do estudante. Além de sensibilizá-lo a compreender, por meio da leitura de textos de autoria própria e/ou de outros autores, o valor expressivo, subjetivo e emotivo dos textos analisados. Nesse sentido, é possível desenvolver habilidades socioemocionais relacionadas ao autoconhecimento. Assim, apropriando-se de conhecimentos e experiências pessoais que lhe possibilite conhecer mais sobre si mesmo e sobre o outro. Propõe-se, ainda, o desenvolvimento de atividades que favoreçam a curadoria de cartas pessoais e diários, em diferentes suportes, como livros físicos e/ou digitais."
EF03LP13,Ensino Fundamental,03,,Língua Portuguesa,13,"Planejar e produzir cartas pessoais e diários, com expressão de sentimentos e opiniões, dentre outros gêneros do campo da vida cotidiana, de acordo com as convenções dos gêneros carta e diário e considerando a situação comunicativa e o tema/assunto do texto.",Produção de textos (escrita compartilhada e autônoma),Escrita colaborativa,sim,AF,EF02LP13,"• Planejar o texto (carta pessoal, diário, entre outros), levando em consideração a identificação de sua função social e a ideia central.
• Produzir o texto, utilizando a estrutura do gênero e respeitando sua progressão temática.","CG:4
CE: 2, 3 e 7
CA: 3 e 4","EF: EF35LP07; EF35LP08; EF35LP09; EF35LP12            AF: EF03LP12     AC: EF03LP01, EF03LP02, EF03LP03, EF03LP04; EF03LP07; EF03LP17","A habilidade prevê a mobilização de operações de escrita processual: o planejamento, a textualização, a revisão do texto, a reescrita e a edição. Desse modo, propõe-se utilizar diferentes estratégias, considerando que essas etapas podem ser desenvolvidas individualmente e/ou em pares. Nesse sentido, reitera-se, especialmente, o trabalho com a escrita compartilhada, de modo a propiciar a troca de informações e saberes,  considerando, também, o papel do educador como mediador desse processo. Recomenda-se utilizar como ferramenta de trabalho rubricas de qualidade, para que, desse modo, os estudantes possam ler/avaliar os textos dos colegas com base em critérios definidos previamente (características do gênero, abordagem do tema, formatação/diagramação, aspectos notacionais etc.). Dessa maneira, é possível estabelecer relações com a habilidade complementar  EF03LP17, tendo em vista a identificação e a reprodução da formatação e da diagramação específicas desses gêneros textuais. Sugere-se, ainda, que essas rubricas sejam construídas com o auxílio dos estudantes. Propõe-se, também, definir coletivamente o leitor pretendido (a personagem de uma história, o autor de um livro, colegas, familiares etc.) e o suporte adequado para a circulação do texto (mural físico/digital, antologia, folhetos etc.). Recomenda-se, também, que as propostas de produção textual possam dialogar com temas contemporâneos e os ODS, como respeito ao meio ambiente, pluralidade cultural, entre outros."
EF03LP14,Ensino Fundamental,03,,Língua Portuguesa,14,"Planejar e produzir textos injuntivos instrucionais, com a estrutura própria desses textos (verbos imperativos, indicação de passos a ser seguidos) e mesclando palavras, imagens e recursos gráfico-visuais, considerando a situação comunicativa e o tema/ assunto do texto.",Escrita (compartilhada e autônoma),Escrita colaborativa,sim,AF,EF12LP06,"• Planejar textos injuntivos instrucionais por meio da identificação da sua função social e estrutura.
• Produzir o texto utilizando recursos da linguagem verbal e não verbal (imagens, gráficos, entre outros).","CE: 2, 3 e 7                                 CA: 2 e 3","EF: EF35LP07; EF35LP08; EF35LP09; EF35LP12
AC: EF03LP01, EF03LP02, EF03LP03;  EF03LP04; EF03LP07; EF03LP16","A habilidade pressupõe o engajamento dos estudantes  em situações reais de planejamento e produção de textos verbais, não verbais e multissemióticos, considerando a forma composicional dos gêneros, a  situação comunicativa, o tema/assunto e os elementos linguísticos e multissemióticos. Desse modo, sugere-se iniciar o trabalho de escrita com base na discussão de uma situação-problema, a fim de levantar o repertório prévio dos estudantes sobre o tema, o leitor pretendido e o contexto de circulação. É importante ressaltar que, antes da produção, é necessário que os estudantes tenham vivenciado diferentes situações de leitura e/ou análise de vídeos de textos injuntivos instrucionais. Recomenda-se como possibilidade de proposta a elaboração de receitas culinárias do mundo de “faz de conta”, com base em leituras de textos literários, e do mundo real, por exemplo. Desse modo, podem-se discutir semelhanças e diferenças entre elas. Propõe-se, também, um projeto articulado com Arte, de modo a propiciar a exploração de recursos gráfico-visuais dos textos produzidos pelos estudantes, a partir de criação de ilustrações, por exemplo. Considerando esse intercâmbio entre os componentes da área de  linguagem, sugere-se, ainda, que os estudantes possam escrever o passo a passo de jogos experienciados em Educação Física."
EF03LP15,Ensino Fundamental,03,,Língua Portuguesa,15,"Assistir, em vídeo digital, a programa de culinária infantil e, a partir dele, planejar e produzir receitas em áudio ou vídeo.",Oralidade,Produção de texto oral,sim,AF,EF12LP04,"• Reconhecer as condições de produção de programas de culinária infantil (apresentador, função social, suporte).
• Reconhecer as instruções dos textos injuntivos no vídeo e analisar as diferentes semioses (imagem, som, pausa, entonação).
• Planejar a produção de uma receita em áudio ou em vídeo, considerando a estrutura, o público-alvo, o suporte, entre outros.
• Produzir uma receita, fazendo uso das diferentes semioses, de acordo com o suporte.
• Utilizar ferramentas de edição com o auxílio do professor.","CG: 4 e 5
CE: 3, 5 e 10                                 CA: 2, 3 e 6",EF: EF15LP02                                      AF: EF03LP11                                       AC: EF03LP01; EF03LP02; EF03LP03;,"A habilidade envolve a recepção/apreciação e a análise de receitas transmitidas em mídia digital, além de outras operações complexas e articuladas entre si: planejar, produzir e revisar textos do mesmo gênero para depois oralizá-los, podendo gravar vídeos de culinária próprios. Isto é, entende-se que há uma progressão nas operações exigidas nessa habilidade. Desse modo, sugere-se, ao elaborar as atividades, considerar a progressão entre essas operações. Por exemplo: (1) assistir e analisar vídeos digitais de programa de culinária infantil, com base em roteiro de perguntas; (2) participar de rodas de conversa com responsáveis pela merenda da escola, a fim de que eles possam oralizar algumas receitas culinárias; (3) planejar, em parceria com os colegas e mediação do educador, receitas em áudio ou vídeo; e (4) produzir receitas em áudio e vídeo. Nessa etapa, é necessário orientá-los a explorar os seguintes recursos: entonação do apresentador, apresentação dos ingredientes um a um, execução passo a passo do modo de preparo etc. Além disso, recomenda-se que a atividade seja realizada em grupos. Nesse sentido, pode-se atribuir funções diferentes aos integrantes (organizador do ambiente, supervisor dos recursos de audiovisual, apresentadores etc.). Há, portanto, uma oportunidade especial de integração com Arte, no que se refere à organização e edição do vídeo e/ou áudio."
EF03LP16,Ensino Fundamental,03,,Língua Portuguesa,16,"Identificar e reproduzir, em textos injuntivos instrucionais (receitas, instruções de montagem, digitais ou impressos), a formatação própria desses textos (verbos imperativos, indicação de passos a ser seguidos) e a diagramação específica dos textos desses gêneros (lista de ingredientes ou materiais e instruções de execução – ""modo de fazer"").",Análise linguística/semiótica (Ortografização),Forma de composição do texto,,,,,,,
EF03LP17,Ensino Fundamental,03,,Língua Portuguesa,17,"Identificar e reproduzir, em gêneros epistolares e diários, a formatação própria desses textos (relatos de acontecimentos, expressão de vivências, emoções, opiniões ou críticas) e a diagramação específica dos textos desses gêneros (data, saudação, corpo do texto, despedida, assinatura).",Análise linguística/semiótica (Ortografização),Forma de composição do texto,,,,,,,
EF03LP18,Ensino Fundamental,03,,Língua Portuguesa,18,"Ler e compreender, com autonomia, cartas dirigidas a veículos da mídia impressa ou digital (cartas de leitor e de reclamação a jornais, revistas) e notícias, dentre outros gêneros do campo jornalístico, de acordo com as convenções do gênero carta e considerando a situação comunicativa e o tema/assunto do texto.",Leitura/escuta (compartilhada e autônoma),Compreensão em leitura,sim,AF,,"• Reconhecer as condições de produção, circulação e recepção de cartas (emissor, destinatário, função social, tema, suporte).
• Reconhecer a estrutura e a formatação das cartas.
• Reconhecer o tema e o assunto do texto.","CG: 4
CE: 3 e 7
CA: 1 e 2",EF: EF15LP02; EF35LP03; EF35LP04    AF: EF03LP12             AC: EF03LP01;  EF03LP07; EF03LP08;   EF03LP09; EF03LP17; EF03LP23,"Essa habilidade requer, no trabalho de leitura, o reconhecimento de características próprias a diferentes gêneros do campo da vida pública (forma composicional, marcas linguísticas, conteúdo temático etc.), como as notícias e cartas de leitor, por exemplo. Em relação ao reconhecimento das marcas linguísticas, é possível estabelecer relações com a habilidade complementar EF03LP23, de modo a analisar o uso do adjetivo como um elemento responsável por marcar opiniões. Assim, recomenda-se a organização de rodas de notícias com a mediação do educador, a fim de propiciar o acesso dos estudantes aos gêneros jornalísticos em diferentes mídias e suportes. A seleção desses textos pode estabelecer relações com os temas contemporâneos, como sustentabilidade ambiental, diversidade cultural, jogos digitais etc. Propõe-se, também, a elaboração de atividades que possam explorar as relações temáticas entre notícias e cartas do leitor e de reclamação, bem como a diferença da forma composicional desses gêneros. Outro desdobramento possível para desenvolver essa habilidade é promover situações de leitura de cartas pessoais em comparação às cartas do leitor para que, então, os estudantes possam reconhecer o destinatário, a finalidade e o contexto de produção."
EF03LP19,Ensino Fundamental,03,,Língua Portuguesa,19,"Identificar e discutir o propósito do uso de recursos de persuasão (cores, imagens, escolha de palavras, jogo de palavras, tamanho de letras) em textos publicitários e de propaganda, como elementos de convencimento.",Leitura/escuta (compartilhada e autônoma),Compreensão em leitura,sim,AF,,"• Identificar a finalidade do uso de recursos multissemióticos responsáveis pela persuasão dos textos publicitários e de propaganda.
• Discutir a finalidade do uso de recursos multissemióticos responsáveis pela persuasão dos textos publicitários e de propaganda.","CG: 4
CE: 3 e 7
CA:  2 e 6","EF: EF15LP02; EF15LP04; EF15LP18    AC: EF03LP01, EF03LP02, EF03LP03 e EF03LP04","A habilidade prevê a análise e a discussão dos recursos multissemióticos (cores, imagens, escolha de palavras, jogo de palavras, tamanho de letras, diagramação etc.), responsáveis pela persuasão em textos publicitários e de propaganda. Recomenda-se como possibilidade de atividade a análise e a discussão de textos publicitários por rotação de estações de aprendizagem, com base em roteiro/tabela de perguntas elaboradas pelo educador: “De que se trata esse texto? Para que serve esse texto? Quais cores, imagens, escolha de palavras, jogo de palavras, tamanho de letras foram utilizados para compor esse texto? Esses elementos colaboram para convencer o público-alvo?”. Desse modo, os estudantes podem ter contato com uma variedade de textos publicitários impressos e digitais, com abordagem de temas relacionados ao universo infantil e/ou de interesse social. Além disso, possibilita a  troca de informações com os colegas, bem como o desenvolvimento da autonomia do estudante. Sugere-se, também, discussões coletivas, a fim de sistematizar a análise dos grupos, com base em perguntas problematizadoras como: “O que aprendemos sobre os textos publicitários e propagandas? Quais estratégias podem ser utilizadas para convencer?”. Outra possibilidade de desdobramento dessa atividade é a elaboração de painéis, com ajuda dos estudantes, a fim de organizar os textos publicitários trabalhados e as tabelas preenchidas, bem como avaliar o trabalho desenvolvido."
EF03LP20,Ensino Fundamental,03,,Língua Portuguesa,20,"Produzir cartas dirigidas a veículos da mídia impressa ou digital (cartas do leitor ou de reclamação a jornais ou revistas), dentre outros gêneros do campo político-cidadão, com opiniões e críticas, de acordo com as convenções do gênero carta e considerando a situação comunicativa e o tema/assunto do texto.",Produção de textos (escrita compartilhada e autônoma),Escrita colaborativa,sim,AF,,"• Planejar cartas relacionadas ao campo político-cidadão, considerando a forma composicional do gênero.
• Produzir textos relacionados ao campo político-cidadão, considerando a forma composicional do gênero carta, a situação comunicativa e o tema/assunto do texto.
• Levantar opiniões na escrita de cartas relacionadas ao campo político-cidadão.","CG: 4 e 7
CE: 2 e 3
CA: 3 e 4","EF: EF35LP07; EF35LP08; EF35LP09; EF35LP15                  AF: EF03LP18
AC: EF03LP01, EF03LP02, EF03LP03;  EF03LP04; EF03LP07;  EF03LP17; EF03LP23","Essa habilidade pressupõe o desenvolvimento da escrita processual de textos do campo político-cidadão. Assim, considerando as características dos gêneros, as condições de produção e o tema/assunto. Reitera-se que essa habilidade estabelece relações com a habilidade EF03LP18, uma vez que é necessário que o estudante construa um repertório de leitura para que, então, possa escrever o texto com mais autonomia e qualidade. Recomenda-se iniciar a proposta a partir de uma situação-problema que envolva a análise de textos digitais e/ou impressos (reportagens, notícias, propagandas etc.), que abordem temas de interesse dos estudantes e sejam de relevância social, para que, então, eles possam discutir e formular ideias. Propõe-se, ainda, que na etapa de planejamento do texto, sejam elaborados esquemas com a mediação do educador, a fim de registrar os principais aspectos estruturais: “Como a carta será iniciada? A quem a carta será enviada? O que será escrito no corpo do texto? Como a carta será finalizada?”, bem como os aspectos do tema: “Qual opinião será defendida? Quais argumentos serão utilizados?”.  Sugere-se, também, que a escrita do texto seja compartilhada com colegas para que eles possam atuar como leitores críticos das cartas. Considere, ainda, nesse trabalho, as etapas de revisão e reescrita."
EF03LP21,Ensino Fundamental,03,,Língua Portuguesa,21,"Produzir anúncios publicitários, textos de campanhas de conscientização destinados ao público infantil, observando os recursos de persuasão utilizados nos textos publicitários e de propaganda (cores, imagens, slogan, escolha de palavras, jogo de palavras, tamanho e tipo de letras, diagramação).",Produção de textos (escrita compartilhada e autônoma),Escrita colaborativa,sim,AF,,"• Planejar anúncios publicitários, considerando a forma composicional do gênero.
• Reconhecer os recursos multissemióticos responsáveis pela persuasão nos textos publicitários.
• Produzir anúncios publicitários, atendendo às características do gênero e explorando os recursos multissemióticos.","CG: 4 e 7
CE: 2 e 7
CA: 3 e 4","AF: EF03LP19                                         EF: EF15LP04; EF15LP05 ; EF15LP06                                      AC: EF03LP01, EF03LP02, EF03LP03 e EF03LP04","Essa habilidade prevê a produção de gêneros publicitários, considerando a exploração e experimentação dos recursos multissemióticos (cores, imagens, slogan, escolha de palavras, jogo de palavras, tamanho e tipos de letra, diagramação) próprios desse textos, bem como a finalidade e o contexto de produção. Sugere-se promover discussões e pesquisas para que os estudantes possam selecionar o tema a ser trabalhado na produção. Assim, são mobilizados a tomar decisões coletivas e colocados em uma posição mais ativa em relação à própria aprendizagem. Nesse sentido, é possível: (1) trabalhar com um tema e um slogan comum a todos da turma, sendo individual apenas o texto geral e as imagens ilustrativas ou (2) trabalhar com um tema único, mas slogans e textos gerais/imagens individuais. Recomenda-se, ainda, que o planejamento textual seja previsto como uma etapa da escrita para que os estudantes possam elaborar esquemas e quadros  atendendo aos seguintes questionamentos: “Para que estamos escrevendo? A quem se destina o nosso texto? O que queremos dizer? Qual será o slogan? Que linguagem e recursos serão utilizados para convencer o público?”. Propõe-se, também, que a produção seja elaborada em parceria com Arte, de modo a potencializar a experimentação de diferentes recursos multissemióticos. Recomenda-se, por fim, possibilitar a exposição dos trabalhos em murais físicos e/ou digitais, jornais da escola e/ou comunidade etc."
EF03LP22,Ensino Fundamental,03,,Língua Portuguesa,22,"Planejar e produzir, em colaboração com os colegas, telejornal para público infantil com algumas notícias e textos de campanhas que possam ser repassados oralmente ou em meio digital, em áudio ou vídeo, considerando a situação comunicativa, a organização específica da fala nesses gêneros e o tema/assunto/ finalidade dos textos.",Oralidade,Planejamento e produção de texto,sim,AF,EF12LP11,"• Planejar, de modo colaborativo, um telejornal, considerando as especificidades do gênero, tema/assunto, a organização da fala, o contexto de produção, de circulação e o suporte.
• Produzir, de modo colaborativo, um telejornal, considerando as especificidades do gênero, tema/assunto, a organização da fala, o contexto de produção, de circulação e o suporte.","CG: 4, 5 e 7
CA: 3, 4 e 6
CE: 2 e 3",EF: EF15LP05; EF35LP07;  EF35LP08;   EF35LP09 EF35LP12,"A habilidade trata-se da oralização de textos destinados a telejornais infantis. Reitera-se, portanto, que o trabalho com gêneros textuais orais, no eixo das práticas de linguagem da oralidade, requer o uso da escrita para o planejamento, a textualização e a revisão do texto que será oralizado. Sugere-se iniciar a proposta a partir de situações em que os estudantes possam assistir e analisar diferentes telejornais destinados ao público infantil, a fim de mobilizá-los a refletir sobre as características, a finalidade, o suporte e o contexto de produção de um telejornal. Recomenda-se, também, disponibilizar um acervo físico e/ou digital de jornais para que eles possam, com o auxílio do educador, utilizar ferramentas de curadoria para selecionar o texto a ser noticiado. Propõe-se, ainda, que na etapa de planejamento textual os estudantes possam oralmente e/ou por escrito responder a perguntas problematizadoras. Por exemplo: “O que será anunciado no telejornal? Quais materiais serão utilizados? Como será a apresentação?” etc. Sugere-se, também, a organização da turma em grupos colaborativos de trabalho. Assim, considerando que os estudantes possam desempenhar diferentes funções, como apresentador, diretor, pesquisador,  cinegrafista, editor etc. Concluída a etapa de planejamento, podem ser feitas a gravação e a edição do telejornal. Como proposta de avaliação, pode-se investir em autoavaliações para que os estudantes possam avaliar o desempenho do grupo e individual."
EF03LP23,Ensino Fundamental,03,,Língua Portuguesa,23,"Analisar o uso de adjetivos em cartas dirigidas a veículos da mídia impressa ou digital (cartas do leitor ou de reclamação a jornais ou revistas), digitais ou impressas.",Análise linguística/semiótica (Ortografização),Forma de composição dos textos,,,,,,,
EF03LP24,Ensino Fundamental,03,,Língua Portuguesa,24,"Ler/ouvir e compreender, com autonomia, relatos de observações e de pesquisas em fontes de informações, considerando a situação comunicativa e o tema/assunto do texto.",Leitura/escuta (compartilhada e autônoma),Compreensão em leitura,sim,AF,EF02LP25,"• Experimentar a leitura/escuta de relatos de observações e pesquisas.
• Reconhecer a situação comunicativa e o tema/assunto do texto dos relatos de pesquisas em fontes de informação.","CG: 1 e 2
CA: 2
CE: 2 e 3","EF: EF15LP10; EF35LP03; EF35LP04;  EF15LP13;  EF35LP12                             AF: EF03LP25
AC: EF03LP09; EF03LP26","Trata-se de uma habilidade que requer o planejamento de diferentes situações de leitura/escuta com o foco no reconhecimento de características próprias a diferentes gêneros do campo das práticas de estudo e pesquisa (forma composicional, marcas linguísticas, conteúdo temático), como os relatos de observação e pesquisa, por exemplo. Reitera-se, também, que o trabalho com essa habilidade pode ser articulado à complementar EF03LP26, no que se refere à identificação dos recursos multissemióticos, como diagramação e formatação. Sugere-se, por meio de perguntas, investir no levantamento de hipóteses e inferências, a fim de verificar o repertório prévio dos estudantes sobre os temas dos textos, bem como estimulá-los a ter curiosidade sobre o assunto. Por exemplo: “O que vocês já conhecem sobre esse tema? O que gostariam de conhecer? Como é a linguagem utilizada?” etc. Propõe-se, ainda, a elaboração de mural de quebra-cabeça textual com a finalidade de favorecer a aprendizagem sobre a estrutura dos relatos de observações. Assim, pode-se solicitar aos estudantes que recortem as partes do texto para “encaixá-las” no local indicado no mural: introdução, material, métodos, resultados, conclusão etc. Propõe-se, como avaliação da aprendizagem, o desenvolvimento do mural, bem como as intervenções dos estudantes durante a leitura/escuta dos relatos. Espera-se que os estudantes trabalhem com autonomia no desenvolvimento desta habilidade."
EF03LP25,Ensino Fundamental,03,,Língua Portuguesa,25,"Planejar e produzir textos para apresentar resultados de observações e de pesquisas em fontes de informações, incluindo, quando pertinente, imagens, diagramas e gráficos ou tabelas simples, considerando a situação comunicativa e o tema/assunto do texto.",Produção de textos (escrita compartilhada e autônoma),Produção de textos,sim,AF,,"• Planejar relatórios de observação e pesquisa, considerando sua estrutura e função social.
• Produzir textos utilizando, quando necessário, recursos visuais e gráficos","CG: 2 e 4
CA: 2 e 3
CE: 3 e 5",EF: EF15LP02; EF15LP04; EF15LP05; EF15LP06; EF35LP07; EF35LP08; EF35LP09   AF: EF03LP24    AC: EF03LP26,"Essa habilidade prevê o planejamento e a produção de textos com foco na apresentação de resultados de observações e de pesquisas em fontes de informação. Sugere-se que a proposta de produção seja desenvolvida com base em situações reais em que os estudantes tenham realizado  experimentos e/ou pesquisas. Dessa maneira, é possível considerar a elaboração de projetos interdisciplinares vinculados à Arte, no que se refere à experiência cromática, por exemplo. E, também, com a Educação Física, tendo em vista pesquisas em fontes de informações sobre temas relacionados ao componente (jogos de cultura popular, danças de matrizes indígena e africana, esportes de rede/parede etc.). Na etapa de planejamento, recomenda-se promover discussões sobre o propósito comunicativo do texto, o contexto de circulação e o suporte. Por exemplo, os estudantes podem publicar os textos em enciclopédias científicas, folhetos de divulgação científica, entre outros. Considere, também, outros aspectos relevantes à produção do texto, como o uso da linguagem científica, organização e estrutura próprias de relatos e protocolos científicos (introdução, materiais, procedimento, resultados e conclusão). Na etapa de produção, mobilize-os a considerar o uso de tabelas, quadros, diagramas etc. Além disso, propõe-se que a primeira versão do texto seja compartilhada com os colegas para que eles possam fazer comentários e dar sugestões, desse modo, colaborando com a etapa de reescrita."
EF03LP26,Ensino Fundamental,03,,Língua Portuguesa,26,"Identificar e reproduzir, em relatórios de observação e pesquisa, a formatação e diagramação específica desses gêneros (passos ou listas de itens, tabelas, ilustrações, gráficos, resumo dos resultados), inclusive em suas versões orais.",Análise linguística/semiótica (Ortografização),Adequação do texto às normas de escrita,,,,,,,
EF03LP27,Ensino Fundamental,03,,Língua Portuguesa,27,"Recitar cordel e cantar repentes e emboladas, observando as rimas e obedecendo ao ritmo e à melodia.",Oralidade,Performances orais,sim,AF,EF02LP15,"• Reconhecer os recursos rítmicos em cordel, repentes e emboladas.
• Recitar cordel com expressividade e ritmo.
• Cantar repentes e emboladas com expressividade e ritmo.","CG: 2, 3 e 4
CA: 2, 3 e 5
CE: 3, 5 e 9",EF: EF15LP12    AF: EF35LP23; EF35LP27; EF35LP28; EF35LP31,"Essa habilidade exige que o estudante seja capaz de reconhecer os efeitos de sentido presentes no cordel, no repente e no embolada para que, então, possa ler/recitar/cantar com fluência, ritmo e com entonação, postura e interpretação adequadas. Desse modo, essa habilidade pode ser desenvolvida de modo articulado às EF15LP12, EF35LP28 e EF35LP11. Pode-se, primeiramente, promover situações de escuta de cordel e repentes, a fim de mobilizar o estudante a analisar as expressões corporais associadas à fala como responsável por provocar efeitos de sentido nos textos orais. Assim, possibilita-se a apreciação desse tipo de texto, para favorecer a performance do estudante em situações de réplica. Nesse sentido, propõe-se o planejamento de saraus, rodas de leituras, “circos” literários para que o estudante possa recitar cordéis e cantar repentes. Sugere-se, em especial, o desenvolvimento de propostas integradas à Arte. Há uma oportunidade de estimular a curiosidade, o reconhecimento e o respeito relativos à variação linguística local e nacional apresentada no cordel/repente. Dessa maneira, é possível criar projetos interdisciplinares atrelados à área de Ciências Humanas no que se refere à identificação das características regionais, urbanas e rurais da fala."
EF03MA01,Ensino Fundamental,03,,Matemática,01,"Ler, escrever e comparar números naturais de até a ordem de unidade de milhar, estabelecendo relações entre os registros numéricos e em língua materna.",Números,"Leitura, escrita, comparação e ordenação de números naturais de quatro ordens",sim,EF,EF02MA01,"• Ler, representar, comparar e ordenar números naturais até a ordem de unidade de milhar.
• Perceber regularidades da escrita numérica e do sistema de numeração decimal.
• Utilizar as características do sistema de numeração decimal para interpretar e produzir escritas e informações numéricas em situações diversas.
• Escrever números por extenso.","CE: 3
CG: 1 e 4",EF03MA04,"Para que o aluno consiga comparar e ordenar números até a ordem da unidade de milhar, é necessário desenvolver o conhecimento da sequência numérica (escrita e falada) e oportunizar diferentes situações para que os alunos desenvolvam estratégias de comparações envolvendo números. O apoio da reta numérica graduada em intervalos de 10 em 10 e, também, de 100 em 100 pode contribuir significativamente para o desenvolvimento desta habilidade. A leitura e escrita de números merece destaque nesta habilidade, sobretudo para que o aluno estabeleça relações entre a representação de um número no sistema de numeração decimal através da linguagem materna. As situações envolvendo leitura de dados em gráficos e tabelas são bons contextos para essa aprendizagem, além do trabalho envolvendo jogos de memória e bingo de números grandes."
EF03MA02,Ensino Fundamental,03,,Matemática,02,"Identificar características do sistema de numeração decimal, utilizando a composição e a decomposição de número natural de até quatro ordens.",Números,Composição e decomposição de números naturais,sim,EF,"EF02MA04
EF03MA01","• Compor e decompor quantidades em unidades de milhar, centenas, dezenas e unidades, identificando e compreendendo as características do sistema de numeração decimal.
• Compreender que o sistema de numeração decimal é posicional.
• Compreender e estabelecer relações entre unidade, dezena, centena e unidade de milhar.","CE: 3
CG: 1 e 4",,"Esta habilidade dá início à sistematização das características do Sistema de Numeração Decimal (SND), que se concluirá no 5º ano. Após ampla exploração realizada no 1º e 2º anos, deve-se propor aos alunos situações em que as seguintes características ficam evidentes: (i) que os agrupamentos no SND ocorrem na base 10, ou seja, a cada 10 elementos de ordem inferior, podemos representar por 1 único elemento de ordem imediatamente superior (ou seja, a cada 10 unidades, podemos formar 1 dezena; a cada 10 dezenas, podemos compor 1 centena; e assim sucessivamente); (ii) que existe um símbolo (zero) para indicar ausência de quantidades numa ordem; (iii) por fim, e sobretudo, que o SND é um sistema posicional, o que significa dizer que a posição ocupada por um algarismo no número indica seu valor (o 4 na ordem das dezenas significa 40 enquanto que na ordem das centenas representa 400). Também é importante explorar situações em que esteja explícito o caráter aditivo e multiplicativo do SND. Por exemplo, o número 3674 pode ser representado por “três [mil] seis[centos] e sete[nta] e quatro”, o que na escrita numérica é 3 x 1000 + 6 x 100 + 7 x 10 + 4 x 1. A utilização de recursos como ábacos, fichas numéricas sobrepostas, calculadoras e também o sistema monetário pode ser potente se estes forem bem explorados para o desenvolvimento da habilidade em questão. Espera-se que ela seja mobilizada pelo estudante com fluência até o final do ano, pois estabelece um conjunto de procedimentos que serão utilizados para o trabalho com as operações matemáticas."
EF03MA03,Ensino Fundamental,03,,Matemática,03,Construir e utilizar fatos básicos da adição e da multiplicação para o cálculo mental ou escrito.,Números,"Construção de fatos fundamentais da adição, subtração e multiplicação",,,,,,,
EF03MA04,Ensino Fundamental,03,,Matemática,04,"Estabelecer a relação entre números naturais e pontos da reta numérica para utilizá-la na ordenação dos números naturais e também na construção de fatos da adição e da subtração, relacionando-os com deslocamentos para a direita ou para a esquerda.",Números,Reta numérica,,,,,,,
EF03MA05,Ensino Fundamental,03,,Matemática,05,"Utilizar diferentes procedimentos de cálculo mental e escrito, inclusive os convencionais, para resolver problemas significativos envolvendo adição e subtração com números naturais.",Números,Procedimentos de cálculo (mental e escrito) com números naturais: adição e subtração,sim,EF,"EF02MA06
 EF03MA02","• Resolver problemas que envolvam adição e subtração com números naturais utilizando diferentes procedimentos de cálculo.
• Reconhecer por meio da resolução de problemas que um mesmo raciocínio (operação) está relacionado a problemas diferentes e que um mesmo problema pode ser resolvido pelo uso de diferentes raciocínios.
• Ampliar os conhecimentos de cálculo (mental, escrito, exato, aproximado) por meio do conhecimento de regularidades de fatos fundamentais da adição e da subtração.
• Reconhecer, compreender e utilizar diferentes algoritmos para somar e subtrair.
• Utilizar a decomposição das escritas numéricas para a realização do cálculo mental e escrito das operações de adição e subtração.
• Efetuar adição com reserva e subtração com recurso até a ordem do milhar.","CE: 3
CG: 4","EF03MA03
EF03MA04
EF03MA11","Para além dos algoritmos convencionais, é importante que o aluno tenha a possibilidade de desenvolver outros procedimentos de cálculo para adição e subtração, como o cálculo mental, exato ou aproximado. Estimar a grandeza de uma soma ou subtração é uma boa proposta neste contexto, que pode incluir situações contextualizadas, envolvendo compra e venda de mercadorias. Para explorar cálculos não convencionais, é possível utilizar as fichas numéricas, quadros de números e o sistema monetário. Para o trabalho com algoritmo convencional, o apoio de materiais estruturados, como o ábaco ou material dourado, se faz bem importante."
EF03MA06,Ensino Fundamental,03,,Matemática,06,"Resolver e elaborar problemas de adição e subtração com os significados de juntar, acrescentar, separar, retirar, comparar e completar quantidades, utilizando diferentes estratégias de cálculo exato ou aproximado, incluindo cálculo mental.",Números,"Problemas envolvendo significados da adição e da subtração: juntar, acrescentar, separar, retirar, comparar e completar quantidades",sim,AF,EF03MA07,"• Resolver problemas envolveno adição e subtração utilizando estratégias pessoais de cálculo ou uma escrita matemática.
• Associar a subtração às ideias de subtrair, completar e comparar.
• Associar a adição às ideias de juntar e acrescentar.","CE: 3, 5 e 6
CG: 2, 4, 9 e 10",EF03MA09,"É importante que os alunos tenham a possibilidade de ampliar o trabalho iniciado nos anos anteriores acerca da resolução e elaboração de situações problemas envolvendo as ideias elementares da adição e subtração. Além das ideias de juntar/acrescentar (relativas à adição) e separar/tirar (relativas à subtração) uma atenção especial pode ser dedicada às ideias de completar e comparar, também associadas à subtração, uma vez que elas exigem um raciocínio mais elaborado pelos alunos. Por exemplo, dada duas coleções com quantidades diferentes (8 bonecas e 10 carrinhos) quantos brinquedos à mais uma tem em relação à outra? E quantos brinquedos uma tem a menos que a outra? (ideia de comparação). Outro exemplo refere-se a uma certa quantidade (11 figurinhas), poder determinar a quantidade necessária para atingir outro valor (20 figurinhas) (ideia de completar). No que se refere à elaboração de problemas com as ideias das operações indicadas na habilidade, há dois aspectos que precisam ser considerados: (i) a importância de os alunos terem repertório de resolução, ou seja, referências de uma gama variada de tipos de problemas e pressupor um; (ii) o trabalho posterior com o texto elaborado pelos alunos, o que envolve fazer a revisão coletiva, a troca entre os colegas e a discussão de semelhanças e diferenças entre os problemas criados."
EF03MA07,Ensino Fundamental,03,,Matemática,07,"Resolver e elaborar problemas de multiplicação (por 2, 3, 4, 5 e 10) com os significados de adição de parcelas iguais e elementos apresentados em disposição retangular, utilizando diferentes estratégias de cálculo e registros.",Números,"Problemas envolvendo diferentes significados da multiplicação e da divisão: adição de parcelas iguais, configuração retangular, repartição em partes iguais e medida",sim,AF,"EF03MA02
EF03MA05","• Associar a multiplicação a situações que envolvam adições de parcelas iguais e organização retangular na resolução de problemas.
• Reconhecer os fatos fundamentais da multiplicação e utilizá‑los na resolução e na elaboração de problemas.
• Compreender e utilizar diferentes formas de multiplicar.","CE: 3, 5 e 6
CG: 2, 4, 9 e 10",EF03MA08,"Está explícito nesta habilidade duas ideias elementares associadas à multiplicação: a adição de parcelas iguais e a disposição retangular. Situações que levem o aluno a adicionar repetidamente a mesma parcela (fui na padaria 3 vezes e em cada uma delas comprei 4 pães) são significativas para mostrar ao aluno uma maneira mais eficaz de representar a operação 4 + 4 + 4 = 3 x 4. No caso da disposição retangular, o trabalho com malhas quadriculadas pode ser interessante para indicar a área de um retângulo formado por 3 linhas cada uma com 4 quadradinhos (4 + 4 + 4 = 3 x 4), ou seja, o número de linhas multiplicado pela quantidade de quadradinhos de cada uma delas. Neste momento, ainda não é necessário memorizar os fatos básicos da multiplicação (por 2, 3, 4, 5 e 10), mas é eficaz a representação do tipo a x b = c para indicar a escrita aditiva de parcelas iguais e a percepção de regularidades presentes nos fatos fundamentais. Comparar duas tabuadas, percebendo semelhanças e diferenças entre elas, pode ser uma boa proposta."
EF03MA08,Ensino Fundamental,03,,Matemática,08,"Resolver e elaborar problemas de divisão de um número natural por outro (até 10), com resto zero e com resto diferente de zero, com os significados de repartição equitativa e de medida, por meio de estratégias e registros pessoais.",Números,"Problemas envolvendo diferentes significados da multiplicação e da divisão: adição de parcelas iguais, configuração retangular, repartição em partes iguais e medida",,,,,,,
EF03MA09,Ensino Fundamental,03,,Matemática,09,"Associar o quociente de uma divisão com resto zero de um número natural por 2, 3, 4, 5 e 10 às ideias de metade, terça, quarta, quinta e décima partes.",Números,"Significados de metade, terça parte, quarta parte, quinta parte e décima parte",,,,,,,
EF03MA10,Ensino Fundamental,03,,Matemática,10,"Identificar regularidades em sequências ordenadas de números naturais, resultantes da realização de adições ou subtrações sucessivas, por um mesmo número, descrever uma regra de formação da sequência e determinar elementos faltantes ou seguintes.",Álgebra,Identificação e descrição de regularidades em sequências numéricas recursivas,sim,EF,"EF02MA09
EF03MA01
EF03MA05","• Identificar regularidades por meio de investigação em sequências ordenadas de números naturais resultantes da realização de adições ou subtrações sucessivas.
• Descrever a regra de formação de uma sequência numérica.
• Determinar em uma sequência numérica elementos faltantes ou seguintes por meio de investigação.","CE: 3 e 4
CG: 4",,"Para o desenvolvimento desta habilidade, é possível desenvolver situações em que o aluno tenha que relatar o padrão utilizado em sequências resultantes de adições/subtrações sucessivas do mesmo valor. Por exemplo, pode-se pedir que o aluno explique o que está ocorrendo na sequência (2, 13, 24, 35, ... - adição sucessiva de 11) ou solicitar que diga qual é o próximo termo da sequência (150, 135, 120, 105, ... - subtração sucessiva de 15).  O trabalho envolvendo sequências formadas por figuras nas quais o aluno deve determinar termos ausentes, também pode ser explorado no desenvolvimento desta habilidade."
EF03MA11,Ensino Fundamental,03,,Matemática,11,Compreender a ideia de igualdade para escrever diferentes sentenças de adições ou de subtrações de dois números naturais que resultem na mesma soma ou diferença.,Álgebra,Relação de igualdade,,,,,,,
EF03MA12,Ensino Fundamental,03,,Matemática,12,"Descrever e representar, por meio de esboços de trajetos ou utilizando croquis e maquetes, a movimentação de pessoas ou de objetos no espaço, incluindo mudanças de direção e sentido, com base em diferentes pontos de referência.",Geometria,Localização e movimentação: representação de objetos e pontos de referência,,,,,,,
EF03MA13,Ensino Fundamental,03,,Matemática,13,"Associar figuras geométricas espaciais (cubo, bloco retangular, pirâmide, cone, cilindro e esfera) a objetos do mundo físico e nomear essas figuras.",Geometria,"Figuras geométricas espaciais (cubo, bloco retangular, pirâmide, cone, cilindro e esfera): reconhecimento, análise de características e planificações",,,,,,,
EF03MA14,Ensino Fundamental,03,,Matemática,14,"Descrever características de algumas figuras geométricas espaciais (prismas retos, pirâmides, cilindros, cones), relacionando-as com suas planificações.",Geometria,"Figuras geométricas espaciais (cubo, bloco retangular, pirâmide, cone, cilindro e esfera): reconhecimento, análise de características e planificações",sim,AF,EF02MA14,"• Identificar, nomear e descrever as propriedades dos prismas (cubo e bloco retangular).
• Identificar e descrever as características e as propriedades das pirâmides.
• Identificar faces, vértices e arestas em prismas e pirâmides.
• Analisar diferentes planificações da pirâmide, do cubo, do bloco retangular do cone e do cilindro.
• Identificar figuras planas como partes de um sólido geométrico.
• Identificar e descrever características e propriedades de figuras geométricas espaciais, como prismas e pirâmides, e relacionar cada uma delas a suas planificações.","CE: 3 e 4
CG: 3 e 4","EF03MA12
EF03MA13
EF03MA21","Ampliando o foco das habilidades envolvendo sólidos geométricos dos anos anteriores nesta habilidade, a planificação de tais formas geométricas é sugerida como elemento facilitador para que os alunos identifiquem suas características. Através da abertura de uma aresta em comum ou pela rolagem do sólido geométrico sobre uma folha, é possível obter um molde (planificação) de tal sólido e, com isso, identificar as formas planas que o compõe. Também é possível questionar características importantes para diferenciar, por exemplo, prismas (que apresentam duas bases) das pirâmides (que apresentam base única). Propostas em que os alunos tenham que argumentar, desenhar, representar e escrever sobre o que observam, auxiliam no desenvolvimento do letramento matemático dos alunos."
EF03MA15,Ensino Fundamental,03,,Matemática,15,"Classificar e comparar figuras planas (triângulo, quadrado, retângulo, trapézio e paralelogramo) em relação a seus lados (quantidade, posições relativas e comprimento) e vértices.",Geometria,"Figuras geométricas planas (triângulo, quadrado, retângulo, trapézio e paralelogramo): reconhecimento e análise de características",sim,AF,EF01MA14,"• Identificar propriedades do quadrado, do retângulo, do paralelogramo, do triângulo e do trapézio.
• Identificar semelhanças e diferenças entre formas planas e não planas.
• Identificar e nomear as principais figuras planas, tais como quadrado, retângulo, trapézio e paralelogramo, e classificá-las quanto ao número de lados e de vértices.","CE: 3 e 4
CG: 3 e 4",EF03MA16            EF03MA21,"A partir das representações planas dos sólidos geométricos (ver habilidade EF03MA14) é possível analisar seus elementos, como número de vértices e de lados para elaborar uma classificação prévia, diferenciando triângulos e quadriláteros. Através de cópias dos quadriláteros e dobraduras, é possível comparar a medida de seus lados (se são ou não congruentes) e reservar para o próximo ano a comparação relativa às posições dos lados (se são ou não paralelos). O mesmo pode ser aplicado ao fato de os lados serem ou não perpendiculares entre si, pois a noção de ângulo reto será abrangida apenas no 4º ano. Quebra-cabeças, mosaicos e geoplanos podem ser recursos que auxiliam na análise, representação e percepção das características das figuras planas."
EF03MA16,Ensino Fundamental,03,,Matemática,16,"Reconhecer figuras congruentes, usando sobreposição e desenhos em malhas quadriculadas ou triangulares, incluindo o uso de tecnologias digitais.",Geometria,Congruência de figuras geométricas planas,,,,,,,
EF03MA17,Ensino Fundamental,03,,Matemática,17,Reconhecer que o resultado de uma medida depende da unidade de medida utilizada.,Grandezas e medidas,Significado de medida e de unidade de medida,,,,,,,
EF03MA18,Ensino Fundamental,03,,Matemática,18,"Escolher a unidade de medida e o instrumento mais apropriado para medições de comprimento, tempo e capacidade.",Grandezas e medidas,Significado de medida e de unidade de medida,,,,,,,
EF03MA19,Ensino Fundamental,03,,Matemática,19,"Estimar, medir e comparar comprimentos, utilizando unidades de medida não padronizadas e padronizadas mais usuais (metro, centímetro e milímetro) e diversos instrumentos de medida.",Grandezas e medidas,"Medidas de comprimento (unidades não convencionais e convencionais): registro, instrumentos de medida, estimativas e comparações",sim,AF,EF02MA16,"• Identificar diferentes unidades de medida de comprimento (m e cm) e a relação entre elas.
• Identificar a unidade de medida de comprimento mais adequada para realizar uma medição.
• Estimar, medir e comparar comprimentos utilizando diferentes unidades de medida, como o metro e o centímetro, e distintos instrumentos de medida.
• Expressar numericamente o resultado de uma medição envolvendo a grandeza comprimento.
• Associar as unidades de medida de comprimento ao sistema métrico decimal.","CE: 1 e 3
CG: 1 e 4","EF03MA17
EF03MA18","Esta habilidade apresenta uma ampliação do trabalho realizado pela habilidade EF02MA16 com a introdução de uma nova unidade de medida (o milímetro). É importante ressaltar que o trabalho envolvendo medições está baseado na identificação da grandeza (comprimento), da comparação com a unidade padrão a ser usada (metro, centímetro ou milímetro) e da expressão do número de vezes que a unidade está contida na grandeza e sua respectiva unidade de medida. De maneira análoga ao ocorrido com o Sistema de Numeração Decimal, em que ano após ano é ampliado o universo numérico do aluno, é significativo que ele estabeleça relações de equivalência entre metro e centímetro, metro e quilômetro e metro e milímetro. O trabalho com a estimativa e a utilização de instrumentos, como régua, trena e metro devem ser explorados. Espera-se que a aprendizagem em relação às unidades metro e centímetro seja mobilizada com fluência pelo estudante. Esta aprendizagem representa parte da habilidade em questão e não é foco a fluência na unidade milímetro. Sugerimos que sejam trabalhadas as unidades e os instrumentos mais adequados a realização das medidas de comprimento."
EF03MA20,Ensino Fundamental,03,,Matemática,20,"Estimar e medir capacidade e massa, utilizando unidades de medida não padronizadas e padronizadas mais usuais (litro, mililitro, quilograma, grama e miligrama), reconhecendo-as em leitura de rótulos e embalagens, entre outros.",Grandezas e medidas,"Medidas de capacidade e de massa (unidades não convencionais e convencionais): registro, estimativas e comparações",sim,AF,,"• Identificar as unidades de medida de massa e de capacidade (quilograma e litro, respectivamente) e estabelecer relação entre elas.
• Estimar, medir e comparar massa e capacidade utilizando unidades de medida padronizadas e não padronizadas.
• Valorizar a importância das medidas em situações cotidianas e reconhecer as grandezas de massa e de capacidade em leitura de rótulos e embalagens.","CE: 1 e 3
CG: 1 e 4",,"De maneira análoga ao ocorrido com a grandeza comprimento, para que ocorra o desenvolvimento desta habilidade é importante que o aluno possa (i) identificar a grandeza a ser medida (massa ou capacidade); (ii) comparar a unidade padrão com a grandeza a ser medida; e (iii) explicitar esta comparação através de uma quantidade (número) seguida de uma unidade de medida. Relações envolvendo o quilograma e o grama (1 kg = 1000 g) e o litro e o mililitro (1 L = 1000 mL) podem ser exploradas através da leitura de embalagens de produtos e bulas de medicamentos. Contudo, relações expressas por números racionais (na forma de fração ou decimal) devem ficar restritas aos próximos anos. Espera-se que a aprendizagem sobre as unidades litro e quilograma seja mobilizada com fluência até o final do ano, a qual representa apenas parte desta habilidade. Não são foco de fluência as unidades mililitro, grama e miligrama. Sugerimos que sejam trabalhadas as unidades e os instrumentos mais adequados a realização das medidas de comprimento, massa e capacidade."
EF03MA21,Ensino Fundamental,03,,Matemática,21,"Comparar, visualmente ou por superposição, áreas de faces de objetos, de figuras planas ou de desenhos.",Grandezas e medidas,Comparação de áreas por superposição,,,,,,,
EF03MA22,Ensino Fundamental,03,,Matemática,22,"Ler e registrar medidas e intervalos de tempo, utilizando relógios (analógico e digital) para informar os horários de início e término de realização de uma atividade e sua duração.",Grandezas e medidas,"Medidas de tempo: leitura de horas em relógios digitais e analógicos, duração de eventos e reconhecimento de relações entre unidades de medida de tempo",,,,,,,
EF03MA23,Ensino Fundamental,03,,Matemática,23,Ler horas em relógios digitais e em relógios analógicos e reconhecer a relação entre hora e minutos e entre minuto e segundos.,Grandezas e medidas,"Medidas de tempo: leitura de horas em relógios digitais e analógicos, duração de eventos e reconhecimento de relações entre unidades de medida de tempo",sim,AF,EF02MA18,"• Conhecer e comparar os diferentes tipos de instrumento utilizados para marcar o tempo.
• Ler as horas em diferentes tipos de relógio.
• Relacionar hora e minuto.","CE: 1 e 3
CG: 1 e 4",EF03MA22,"Nota-se que esta habilidade se refere a uma ampliação de outras habilidades envolvendo medidas de tempo desenvolvidas nos anos anteriores (EF01MA17 e EM02MA18). Contudo, enquanto as habilidades anteriores utilizavam intervalos de tempo, como dias, meses e anos, esta se atém à distinção entre instrumentos de medidas de tempo (relógio digital e relógio analógico) e, também, às unidades medidas de tempo (horas, minutos e segundos). Nesse caso, é significativo que o aluno compreenda as relações existentes entre cada unidade de medida de tempo, ou seja, que 1 dia é formado por 24 horas, que 1 hora é composta por 60 minutos e que 1 minuto é constituído por 60 segundos. Situações que envolvam a contagem de múltiplos de 5 podem contribuir para a leitura de horários em relógios analógicos. Não esqueça de desenvolver a estimativa da ordem de grandeza da duração de um evento, em especial em minutos e segundos e, depois, comprovar se a estimativa realizada foi razoável ou não."
EF03MA24,Ensino Fundamental,03,,Matemática,24,"Resolver e elaborar problemas que envolvam a comparação e a equivalência de valores monetários do sistema brasileiro em situações de compra, venda e troca.",Grandezas e medidas,Sistema monetário brasileiro: estabelecimento de equivalências de um mesmo valor na utilização de diferentes cédulas e moedas,sim,AF,EF02MA20,"• Reconhecer cédulas e moedas que circulam no Brasil e possíveis trocas entre elas, em função de seus valores.
• Resolver e elaborar problemas que envolvam a comparação e a equivalência de valores monetários do sistema brasileiro em situações de compra, venda e troca.","CE: 1 e 3
CG: 1, 2, 4, 9 e 10",,"O foco desta habilidade se relaciona com outra habilidade desenvolvida nos anos anteriores (EF02MA20). Situações nas quais é necessário que o aluno efetue simulações de compra e venda de mercadorias, calculem descontos ou determinem troco, podem fornecer, quando bem problematizadas, contextos em que haja necessidade de conhecer os valores das cédulas e moedas, compreender a equivalência de valores entre notas de valores diferentes ou comparar o valor de cédulas e moedas para identificar quantas vezes o valor de uma é maior que outra cédula ou moeda."
EF03MA25,Ensino Fundamental,03,,Matemática,25,"Identificar, em eventos familiares aleatórios, todos os resultados possíveis, estimando os que têm maiores ou menores chances de ocorrência.",Probabilidade e estatística,Análise da ideia de acaso em situações do cotidiano: espaço amostral,,,,,,,
EF03MA26,Ensino Fundamental,03,,Matemática,26,"Resolver problemas cujos dados estão apresentados em tabelas de dupla entrada, gráficos de barras ou de colunas.",Probabilidade e estatística,"Leitura, interpretação e representação de dados em tabelas de dupla entrada e gráficos de barras",,,,,,,
EF03MA27,Ensino Fundamental,03,,Matemática,27,"Ler, interpretar e comparar dados apresentados em tabelas de dupla entrada, gráficos de barras ou de colunas, envolvendo resultados de pesquisas significativas, utilizando termos como maior e menor frequência, apropriando-se desse tipo de linguagem para compreender aspectos da realidade sociocultural significativos.",Probabilidade e estatística,"Leitura, interpretação e representação de dados em tabelas de dupla entrada e gráficos de barras",sim,AF,EF02MA22,"• Ler e analisar dados apresentados em tabelas de dupla entrada, gráficos de barras ou de colunas envolvendo pesquisas significativas.
• Utilizar na interpretação de tabelas e gráficos termos, como maior e menor frequência.
• Apropriar-se da linguagem estatística (maior e menor frequência) para compreender aspectos da realidade sociocultural.","CE: 1, 2 e 6
CG: 4 e 7",EF03MA26,"Nesta habilidade, está implícito o conceito de frequência absoluta, ou seja, o número de vezes apresentado por um evento que se repete. Um bom exemplo envolve o lançamento de um dado: se durante dez lançamentos foi obtido o número 6 cinco vezes, isto significa que a frequência do número 6 é 5 (número de vezes que saiu o número 6 no lançamento do dado). A partir da compreensão deste conceito, o aluno terá condições de comparar elementos de um gráfico ou de uma tabela para indicar qual evento apresenta uma frequência maior ou menor que outro. Há ainda, nesta habilidade, um destaque a situações que envolvam o contexto sociocultural do aluno, como número de irmãos que possui, quantidade de pessoas em sua residência ou número de televisões da sua família."
EF03MA28,Ensino Fundamental,03,,Matemática,28,"Realizar pesquisa envolvendo variáveis categóricas em um universo de até 50 elementos, organizar os dados coletados utilizando listas, tabelas simples ou de dupla entrada e representá-los em gráficos de colunas simples, com e sem uso de tecnologias digitais.",Probabilidade e estatística,"Coleta, classificação e representação de dados referentes a variáveis categóricas, por meio de tabelas e gráficos",sim,AF,EF03MA27,"• Coletar e organizar informações em listas, tabelas e gráficos.
• Representar uma pesquisa realizada por meio de gráficos de colunas simples.
• Produzir textos escritos com base na interpretação de gráficos e tabelas produzidos.","CE: 1, 2, 4, 5 e 6
CG: 2, 4, 5, 7 e 10",,"Variáveis categóricas ou qualitativas são aquelas que descrevem atributos/características que não podem ser descritas numericamente. A cor dos olhos, preferência por um sabor de sorvete ou gosto por um gênero musical são exemplos deste tipo de variáveis. Neste momento, inicia-se uma exploração mais sistematizada do método estatístico comparada àquela vista em anos anteriores. Em outras palavras, a partir da identificação de um problema (hipótese inicial), os alunos devem coletar os dados, organizá-los na forma de tabelas, representá-los graficamente para, por último, elaborar conclusões simples que podem comprovar ou refutar a ideia inicialmente prevista. A delimitação da população a ser entrevistada e a escolha da amostra (possibilitando um número maior de entrevistados) também podem ser realizadas pelos alunos sob orientação do professor, que pode usar recursos tecnológicos para tabular e representar os dados da pesquisa."
EF04CI01,Ensino Fundamental,04,,Ciências,01,"Identificar misturas na vida diária, com base em suas propriedades físicas observáveis, reconhecendo sua composição.",Matéria e energia,Transformações reversíveis e não reversíveis,sim,AF,EF02CI01,"• Observar aspectos visuais que ajudem a identificar misturas.
• Identificar que dois ou mais materiais podem formar uma mistura.
• Identificar misturas na vida diária.","CE: 2 e 3
CG: 2",,"Nesta habilidade, identificar é verificar, reconhecer, concluir e explicar características físicas e observáveis de uma mistura. Pode ser feito o reconhecimento da composição de misturas presentes nos ambientes familiares ao estudante. O conhecimento que os alunos possuem sobre os materiais que irão manipular e as novas constatações pode ser privilegiado na construção da habilidade."
EF04CI02,Ensino Fundamental,04,,Ciências,02,"Testar e relatar transformações nos materiais do dia a dia quando expostos a diferentes condições (aquecimento, resfriamento, luz e umidade).",Matéria e energia,Transformações reversíveis e não reversíveis,sim,AF,EF01CI01 e EF02CI01,"• Observar materiais expostos a diferentes condições de aquecimento, resfriamento, luz ou umidade.
• Relatar mudanças em materiais quando submetidos a diferentes condições.
• Elaborar explicações acerca de transformações observáveis nos materiais.
• Comparar transformações de diferentes materiais quando submetidos a condições distintas.","CE: 2 e 6
CG: 2 e 4",EF04CI03,"Experimentar, reconhecer, concluir, registrar e explicar são processos fundamentais para o desenvolvimento dessa habilidade e do pensamento científico. É importante garantir a realização de atividades práticas, que podem ser feitas com materiais de fácil acesso. O estudante pode misturar substâncias como areia, água, óleo e sal e observar a solubilidade dos componentes e a presença ou não de fases, considerando determinadas condições e variáveis."
EF04CI03,Ensino Fundamental,04,,Ciências,03,"Concluir que algumas mudanças causadas por aquecimento ou resfriamento são reversíveis (como as mudanças de estado físico da água) e outras não (como o cozimento do ovo, a queima do papel etc.).",Matéria e energia,Transformações reversíveis e não reversíveis,,,,,,,
EF04CI04,Ensino Fundamental,04,,Ciências,04,"Analisar e construir cadeias alimentares simples, reconhecendo a posição ocupada pelos seres vivos nessas cadeias e o papel do Sol como fonte primária de energia na produção de alimentos.",Vida e evolução,Microrganismos,sim,AF,EF03CI04 e EF03CI05,"• Construir cadeias alimentares simples.
• Analisar cadeias alimentares simples.
• Identificar a posição dos seres vivos, inclusive o homem, em cadeias alimentares simples.
• Descrever o papel do Sol como fonte primária de energia.","CE: 3 e 5
CG: 2","EF04CI05, EF04CI06 e EF04CI07","Habilidade relacionada ao Objetivo de Desenvolvimento Sustentável (ODS) 15, que trata dos ecossistemas terrestres e da biodiversidade. Os elementos e as relações da cadeia alimentar devem ser identificados, compreendidos e explicados. Ilustrar as cadeias, indicando o papel do Sol e dos microorganismos, pode estimular também o desenvolvimento de formas de registro pouco exploradas pela faixa etária, como diagramas e infográficos."
EF04CI05,Ensino Fundamental,04,,Ciências,05,Descrever e destacar semelhanças e diferenças entre o ciclo da matéria e o fluxo de energia entre os componentes vivos e não vivos de um ecossistema.,Vida e evolução,Microrganismos,,,,,,,
EF04CI06,Ensino Fundamental,04,,Ciências,06,"Relacionar a participação de fungos e bactérias no processo de decomposição, reconhecendo a importância ambiental desse processo.",Vida e evolução,Microrganismos,,,,,,,
EF04CI07,Ensino Fundamental,04,,Ciências,07,"Verificar a participação de microrganismos na produção de alimentos, combustíveis, medicamentos, entre outros.",Vida e evolução,Microrganismos,,,,,,,
EF04CI08,Ensino Fundamental,04,,Ciências,08,"Propor, a partir do conhecimento das formas de transmissão de alguns microrganismos (vírus, bactérias e protozoários), atitudes e medidas adequadas para prevenção de doenças a eles associadas.",Vida e evolução,Microrganismos,sim,AF,EF01CI03,"• Identificar doenças causadas por microrganismos.
• Descrever hábitos de higiene para a prevenção de doenças causadas por microrganismos.
• Propor atitudes e medidas para a prevenção de doenças causadas por microrganismos na escola e na comunidade.","CE: 7 e 8
CG: 2 e 8",EF04CI07,"Abrange identificar, compreender, analisar formas de transmissão de doenças relacionadas a microrganismos, e formular medidas de prevenção. Os estudantes podem avaliar as doenças relacionadas a microorganismos mais comuns na comunidade, reconhecer o uso de vacinas na promoção de saúde ou relacionar alimentação, saneamento e gestão de resíduos com o sistema imunológico, além de analisar doenças endêmicas, epidêmicas e pandêmicas."
EF04CI09,Ensino Fundamental,04,,Ciências,09,"Identificar os pontos cardeais, com base no registro de diferentes posições relativas do Sol e da sombra de uma vara (gnômon).",Terra e Universo,"Calendários, fenômenos cíclicos e cultura",sim,AF,EF02CI07 e EF03CI08,"• Comparar a sombra de uma vara perpendicular ao solo (gnômon) em diferentes horários do dia.
• Relacionar a sombra projetada pelo gnômon com as posições relativas do Sol.
• Identificar os pontos cardeais por meio da análise da sombra de uma vara (gnômon).","CE: 2 e 3
CG: 2",EF04CI10,Esta habilidade se relaciona às atividades de observação da projeção da sombra e dos pontos cardeais tendo o Sol como referência. O aluno deve reconhecer os pontos cardeais a partir da análise e compreensão de dados experimentais.  É importante relacionar as sombras obtidas pelo uso do gnômon com a informação dos pontos cardeais obtidas pela bússola. Essa prática servirá para levantar evidências que ajudem a explicar os movimentos do Sol e da Terra.
EF04CI10,Ensino Fundamental,04,,Ciências,10,Comparar as indicações dos pontos cardeais resultantes da observação das sombras de uma vara (gnômon) com aquelas obtidas por meio de uma bússola.,Terra e Universo,"Calendários, fenômenos cíclicos e cultura",,,,,,,
EF04CI11,Ensino Fundamental,04,,Ciências,11,Associar os movimentos cíclicos da Lua e da Terra a períodos de tempo regulares e ao uso desse conhecimento para a construção de calendários em diferentes culturas.,Terra e Universo,"Calendários, fenômenos cíclicos e cultura",sim,AF,EF01CI05,"• Associar o movimento de rotação à duração dos dias e das noites.
• Associar a periodicidade das fases da Lua com o calendário.
• Associar o tempo de duração do movimento de translação da Terra com a contagem dos anos.
• Comparar calendários utilizados por diferentes culturas ao longo da história.","CE: 1 e 3
CG: 1 e 3",EF04CI10,"Esta habilidade envolve compreender os movimentos cíclicos da Lua e da Terra e analisar, comparar e definir a associação entre eles e as escalas de tempo. Explorar marcações do tempo de várias culturas pode ajudar o estudante a perceber que calendários são modelos criados para organizar as atividades cotidianas. Pode-se aprofundar em torno da compreensão do elo entre os movimentos da Terra, os ciclos de dia-noite e a esfericidade da Terra."
EF04ER01,Ensino Fundamental,04,,Ensino Religioso,01,"Identificar ritos presentes no cotidiano pessoal, familiar, escolar e comunitário.",Manifestações religiosas,Ritos religiosos,,,,,,,
EF04ER02,Ensino Fundamental,04,,Ensino Religioso,02,Identificar ritos e suas funções em diferentes manifestações e tradições religiosas.,Manifestações religiosas,Ritos religiosos,,,,,,,
EF04ER03,Ensino Fundamental,04,,Ensino Religioso,03,"Caracterizar ritos de iniciação e de passagem em diversos grupos religiosos (nascimento, casamento e morte).",Manifestações religiosas,Ritos religiosos,,,,,,,
EF04ER04,Ensino Fundamental,04,,Ensino Religioso,04,"Identificar as diversas formas de expressão da espiritualidade (orações, cultos, gestos, cantos, dança, meditação) nas diferentes tradições religiosas.",Manifestações religiosas,Ritos religiosos,,,,,,,
EF04ER05,Ensino Fundamental,04,,Ensino Religioso,05,"Identificar representações religiosas em diferentes expressões artísticas (pinturas, arquitetura, esculturas, ícones, símbolos, imagens), reconhecendo-as como parte da identidade de diferentes culturas e tradições religiosas.",Manifestações religiosas,Representações religiosas na arte,,,,,,,
EF04ER06,Ensino Fundamental,04,,Ensino Religioso,06,"Identificar nomes, significados e representações de divindades nos contextos familiar e comunitário.",Crenças religiosas e filosofias de vida,Ideia(s) de divindade(s),,,,,,,
EF04ER07,Ensino Fundamental,04,,Ensino Religioso,07,Reconhecer e respeitar as ideias de divindades de diferentes manifestações e tradições religiosas.,Crenças religiosas e filosofias de vida,Ideia(s) de divindade(s),,,,,,,
EF04GE01,Ensino Fundamental,04,,Geografia,01,"Selecionar, em seus lugares de vivência e em suas histórias familiares e/ou da comunidade, elementos de distintas culturas (indígenas, afro-brasileiras, de outras regiões do país, latino-americanas, europeias, asiáticas etc.), valorizando o que é próprio em cada uma delas e sua contribuição para a formação da cultura local, regional e brasileira.",O sujeito e seu lugar no mundo,Território e diversidade cultural,,,,,,,
EF04GE02,Ensino Fundamental,04,,Geografia,02,Descrever processos migratórios e suas contribuições para a formação da sociedade brasileira.,O sujeito e seu lugar no mundo,Processos migratórios no Brasil,,,,,,,
EF04GE03,Ensino Fundamental,04,,Geografia,03,"Distinguir funções e papéis dos órgãos do poder público municipal e canais de participação social na gestão do Município, incluindo a Câmara de Vereadores e Conselhos Municipais.",O sujeito e seu lugar no mundo,Instâncias do poder público e canais de participação social,,,,,,,
EF04GE04,Ensino Fundamental,04,,Geografia,04,"Reconhecer especificidades e analisar a interdependência do campo e da cidade, considerando fluxos econômicos, de informações, de ideias e de pessoas.",Conexões e escalas,Relação campo e cidade,,,,,,,
EF04GE05,Ensino Fundamental,04,,Geografia,05,"Distinguir unidades político-administrativas oficiais nacionais (Distrito, Município, Unidade da Federação e grande região), suas fronteiras e sua hierarquia, localizando seus lugares de vivência.",Conexões e escalas,Unidades político-administrativas do Brasil,sim,AF,,"• Reconhecer as principais unidades político-administrativas do Brasil (distrito, município, Unidades da Federação, grandes regiões), localizando o lugar onde vive em mapas e demais representações cartográficas.
• Diferenciar as atribuições dos três poderes no Brasil: Legislativo, Executivo e Judiciário.
• Identificar quem são os principais representantes nas esferas municipal, estadual e federal dos diferentes poderes.
• Reconhecer diferentes modos de exercitar a cidadania, junto ao poder público municipal.","CG: 1 e 10
CA: 7
CE: 3 e 5","AC:
- EF04GE03: pode ser desenvolvida junto à AF.
AF:
- EF04GE10: pode ser desenvolvida junto à AF.","Essa habilidade contribui para o conhecimento do espaço geográfico brasileiro, tanto em relação à sua organização territorial (com suas múltiplas escalas e hierarquias), quanto em relação à sua estrutura política-administrativa ,viabilizando a introdução de temáticas e análises que serão desenvolvidas dentro do próprio ano, e nos anos seguintes. Possibilita ainda, desenvolver princípios do raciocínio geográfico como orientação, distribuição e conexão, além do próprio princípio de localização (com a identificação dos municípios, unidades político-administrativas e regiões). Ao abordar a esfera da representatividade política, identificando os principais governantes e suas atribuições, torna-se importante desenvolver práticas que levem o estudante a reconhecer que existem diferentes modos de construir a cidadania, valorizando o exercício democrático e a promoção do bem estar comum. Essa habilidade permite aproximação com o ODS 16."
EF04GE06,Ensino Fundamental,04,,Geografia,06,"Identificar e descrever territórios étnico-culturais existentes no Brasil, tais como terras indígenas e de comunidades remanescentes de quilombos, reconhecendo a legitimidade da demarcação desses territórios.",Conexões e escalas,Territórios étnico-culturais,,,,,,,
EF04GE07,Ensino Fundamental,04,,Geografia,07,Comparar as características do trabalho no campo e na cidade.,Mundo do trabalho,Trabalho no campo e na cidade,sim,AF,EF03GE05 e EF04GE05,"• Diferenciar município de cidade, reconhecendo características e interdependência do espaço rural e do espaço urbano.
• Reconhecer exemplos de produtos que são produzidos no espaço rural e consumidos no espaço urbano e vice-versa.
• Comparar características do trabalho no setor primário (predominantemente desenvolvidos nos espaços rurais dos municípios) com as do trabalho nos setores secundário e terciário (predominantemente desenvolvidos nos espaços urbanos dos municípios).","CG: 1 e 3
CA: 3 e 7
CE: 1, 3 e 5","AC:
- EF04GE04: pode ser desenvolvida junto à AF.
- EF04GE08: pode ser desenvolvida junto à AF.
AF:
- EF04GE09: pode ser desenvolvida junto à AF.
- EF04GE10: pode ser desenvolvida junto à AF.
- EF04HI01: amplia o conhecimento da AF.","O desenvolvimento dessa habilidade está relacionado com uma análise correlacional dos espaços rurais e urbanos. Possibilita desenvolver os princípios do raciocínio geográfico relacionados com orientação, localização e expansão, assim como diferenciação de áreas tomando como referências características produtivas dos diferentes setores da economia e formas de trabalho no campo e na cidade.
É possível desenvolver um trabalho conjunto com o componente de História com base na identificação das mudanças ocorridas nos setores da economia e nas formas de trabalho na cidade e no campo ao longo do tempo, reconhecendo características específicas e as relações postas de interdependência, bem como avaliando como alteraram os modos de vida das pessoas ( EF04HI01). Essa habilidade permite a abordagem do tema contemporâneo transversal trabalho e com o ODS 8."
EF04GE08,Ensino Fundamental,04,,Geografia,08,"Descrever e discutir o processo de produção (transformação de matérias- primas), circulação e consumo de diferentes produtos.",Mundo do trabalho,"Produção, circulação e consumo",,,,,,,
EF04GE09,Ensino Fundamental,04,,Geografia,09,Utilizar as direções cardeais na localização de componentes físicos e humanos nas paisagens rurais e urbanas.,Formas de representação e pensamento espacial,Sistema de orientação,sim,AF/AC,EF03GE06 e EF03GE07,"• Desenvolver atividades de observação do movimento aparente do Sol nos lugares de vivência para determinação de pontos cardeais.
• Indicar a localização de objetos, pessoas e pontos de referência em representações cartográficas de paisagens urbanas e rurais, baseando-se em pontos cardeais e colaterais.","CG: 1 e 4
CA: 7
CE: 3 e 4","AF:
- EF04GE07: pode ser desenvolvida junto à AF.","Essa habilidade relacionada à alfabetização cartográfica é essencial, visto que os mapas, além de possibilitarem  a localização de pessoas, objetos e fenômenos, também, promovem a orientação. O desenvolvimento do trabalho com pontos cardeais possibilita ampliar o trabalho com noções topológicas (lateralidade), iniciadas nos anos anteriores. É possível propor atividades que tomem como parâmetro apontar direções cardeais de pontos de referência do lugar de viver e do próprio município, com o apoio de plantas cartográficas, mapas, fotos aéreas, imagens de satélite (inclusive digitais) e, mesmo,  o próprio corpo."
EF04GE10,Ensino Fundamental,04,,Geografia,10,"Comparar tipos variados de mapas, identificando suas características, elaboradores, finalidades, diferenças e semelhanças.",Formas de representação e pensamento espacial,Elementos constitutivos dos mapas,sim,AF/AC,EF03GE06 e EF03GE07,"• Identificar os principais elementos de um mapa (título, legenda, rosa dos ventos, escala, fonte).
• Comparar diferentes mapas (físicos, políticos e temáticos).
• Interpretar mapas políticos de diferentes unidades político-administrativas do território brasileiro, assim como das principais atividades econômicas desenvolvidas em diferentes localidades.","CG: 1 e 4
CA: 7
CE: 3 e 4","AF:
- EF04GE05: pode ser desenvolvida junto à AF.
- EF04GE07: pode ser desenvolvida junto à AF.
- EF04HI06: amplia o conhecimento da AF.","O desenvolvimento dessa habilidade relacionada à alfabetização cartográfica deve ser realizado juntamente com as habilidades relativas à alfabetização geográfica, visto que a cartografia é uma ferramenta essencial para as análises espaciais e para o desenvolvimento do raciocínio geográfico. Tal habilidade volta-se para a comparação de diferentes tipos de mapa. Para isso, pode-se propor atividades nas quais se explorem as principais finalidades, as características e os elementos dos mapas. É possível ainda, desenvolvê-la em conjunto com o componente História, quando da identificação e da análise de fluxos migratórios, utilizando mapas. (EF04HI06)."
EF04GE11,Ensino Fundamental,04,,Geografia,11,"Identificar as características das paisagens naturais e antrópicas (relevo, cobertura vegetal, rios etc.) no ambiente em que vive, bem como a ação humana na conservação ou degradação dessas áreas.","Natureza, ambientes e qualidade de vida",Conservação e degradação da natureza,sim,AF,EF03GE09  e EF04GE05,"• Reconhecer as principais formas de relevo existentes no município onde vive.
• Identificar características dos rios existentes no município onde vive.
• Reconhecer diferentes tipos de formação vegetal presentes no município onde vive.
• Identificar alterações promovidas pela ação humana para a conservação ou degradação do relevo, dos rios e da vegetação no ambiente em que vive.","CG: 1 e 7
CA: 3 e 7
CE: 3, 6 e 7","AF:
- EF04GE10: pode ser desenvolvida junto à AF.
- EF04HI01: amplia o conhecimento da AF.","O desenvolvimento dessa habilidade permite reconhecer aspectos físico-naturais do município onde vive o estudante. Sugere-se um trabalho  que estimule a análise inter-relacionada desses elementos, avaliando as transformações ocorridas na paisagem natural ao longo do tempo tendo em vista atividades humanas ( EF04HI01). Pode-se também propor atividades nas quais o estudante reconheça formas de degradação da paisagem natural (relevo, climas, dos rios e da vegetação), assim com ações que favoreçam sua conservação. Essa habilidade permite aproximação com o ODS 15 e com o tema contemporâneo transversal educação ambiental."
EF04HI01,Ensino Fundamental,04,,História,01,"Reconhecer a história como resultado da ação do ser humano no tempo e no espaço, com base na identificação de mudanças e permanências ao longo do tempo.",Transformações e permanências nas trajetórias dos grupos humanos,"A ação das pessoas, grupos sociais e comunidades no tempo e no espaço: nomadismo, agricultura, escrita, navegações, indústria, entre outras",sim,AF,EF03HI05,"• Identificar mudanças e permanências ao longo do tempo, discutindo os sentidos dos grandes marcos da história da humanidade (nomadismo, desenvolvimento da agricultura e do pastoreio, criação da indústria etc.).
• Identificar as transformações ocorridas na cidade ao longo do tempo e discutir suas interferências nos modos de vida de seus habitantes, tomando como ponto de partida o presente.
• Relacionar os processos de ocupação do campo a intervenções na natureza, avaliando os resultados dessas intervenções.","CG: 1, 2 e 10
CA: 2, 3 e 5
CE: 2 e 6","AC:
- EF04HI02: pode ser desenvolvida junto à AF.
- EF04HI03: pode ser desenvolvida junto à AF.
- EF04HI05: pode ser desenvolvida junto à AF.
AF:
- EF04GE07: amplia o conhecimento da AF.
- EF04GE11: amplia o conhecimento da AF.","Há possibilidade de trabalho com o componente Geografia, por meio da identificação e análise da intervenção humana em paisagens naturais (EF04GE11). É possível propor um trabalho que permita ao estudante identificar as mudanças ocorridas na cidade e no campo. Pode-se propor também ao estudante, uma análise dos processos de transformação da natureza para a prática das atividades do setor primário e, também, viabiliza a identificação das transformações dos espaços urbanos, a partir das atividades da indústria, do comércio e de serviços, avaliando assim os impactos aos modos de vida das pessoas, como proposta na habilidade (EF04GE07). Como proposta de prática, é possível sugerir a elaboração de uma pesquisa sobre o lugar de vivência do estudante, para que ele reconheça as diversas transformações no espaço de vivência e também as relações estabelecidas entre os indivíduos e a natureza ao longo do tempo. Se possível, sugerem-se saídas de campo para o estudante reconhecer e analisar os marcos da história e as transformações do espaço.
(ATENÇÃO: as habilidades ACs foram organizadas de modo a possibilitar uma progressão da aprendizagem, no sentido: nomadismo, sedentarismo, primeiras comunidades humanas, cidades, relação cidade-campo.)"
EF04HI02,Ensino Fundamental,04,,História,02,"Identificar mudanças e permanências ao longo do tempo, discutindo os sentidos dos grandes marcos da história da humanidade (nomadismo, desenvolvimento da agricultura e do pastoreio, criação da indústria etc.).",Transformações e permanências nas trajetórias dos grupos humanos,"A ação das pessoas, grupos sociais e comunidades no tempo e no espaço: nomadismo, agricultura, escrita, navegações, indústria, entre outras",,,,,,,
EF04HI03,Ensino Fundamental,04,,História,03,"Identificar as transformações ocorridas na cidade ao longo do tempo e discutir suas interferências nos modos de vida de seus habitantes, tomando como ponto de partida o presente.",Transformações e permanências nas trajetórias dos grupos humanos,O passado e o presente: a noção de permanência e as lentas transformações sociais e culturais,,,,,,,
EF04HI04,Ensino Fundamental,04,,História,04,Identificar as relações entre os indivíduos e a natureza e discutir o significado do nomadismo e da fixação das primeiras comunidades humanas.,"Circulação de pessoas, produtos e culturas",A circulação de pessoas e as transformações no meio natural,,,,,,,
EF04HI05,Ensino Fundamental,04,,História,05,"Relacionar os processos de ocupação do campo a intervenções na natureza, avaliando os resultados dessas intervenções.","Circulação de pessoas, produtos e culturas",A circulação de pessoas e as transformações no meio natural,,,,,,,
EF04HI06,Ensino Fundamental,04,,História,06,"Identificar as transformações ocorridas nos processos de deslocamento das pessoas e mercadorias, analisando as formas de adaptação ou marginalização.","Circulação de pessoas, produtos e culturas",A invenção do comércio e a circulação de produtos,sim,AF,EF04HI01,"• Identificar e descrever a importância dos caminhos terrestres, fluviais e marítimos para a dinâmica da vida comercial.
• Identificar as motivações dos processos migratórios em diferentes tempos e espaços e avaliar o papel desempenhado pela migração nas regiões de destino.
• Analisar diferentes fluxos populacionais e suas contribuições para a formação da sociedade brasileira.","CG: 1 e 2
CA: 1, 2 e 5
CE: 2 e 5","AC:
- EF04HI07: pode ser desenvolvida junto à AF.
- EF04HI09: pode ser desenvolvida junto à AF.
- EF04HI10: pode ser desenvolvida junto à AF.
AF:
- EF04GE10: amplia o conhecimento da AF.","Como possibilidade de atividade prática, é possível organizar projetos, cujas temáticas podem ser, por exemplo, “Deslocamentos” ou “Migrações”, a partir de grupos temáticos colaborativos, que delimitam tarefas e funções dentro do grupo, garantindo a equidade no processo de aprendizagem. Cada grupo poderá pesquisar e analisar processos específicos da História do Brasil, em que o estudante poderá reconhecer a relação e o par conceitual de “adaptação” e “marginalização” nesses contextos. Como resultado da atividade, é possível organizar uma linha do tempo (virtual ou manuscrita), na qual podem ser evidenciados caminhos e fluxos de mercadorias, povos e culturas. Como sugestão, o Museu da Imigração disponibiliza material educativo, que pode embasar o desenvolvimento da temática sobre imigrações. (Disponível em: http://museudaimigracao.org.br/uploads/portal/educativos/materiais/educativo-migrar-experiencias-memorias-e-identidades-com-caderno-e-ficha-20-01-2020-21-35.zip. Acesso em: maio 2020.)
(ATENÇÃO: essa habilidade subsidia aprendizagens relacionadas às mudanças dos meios de transporte que serão desenvolvidas no 5º ano, na habilidade (EF05GE06). É possível também desenvolver em conjunto a identificação e a análise de fluxos migratórios, por meio da utilização de mapas e representações cartográficas, na habilidade (EF04GE10).)"
EF04HI07,Ensino Fundamental,04,,História,07,"Identificar e descrever a importância dos caminhos terrestres, fluviais e marítimos para a dinâmica da vida comercial.","Circulação de pessoas, produtos e culturas","As rotas terrestres, fluviais e marítimas e seus impactos para a formação de cidades e as transformações do meio natural",,,,,,,
EF04HI08,Ensino Fundamental,04,,História,08,"Identificar as transformações ocorridas nos meios de comunicação (cultura oral, imprensa, rádio, televisão, cinema, internet e demais tecnologias digitais de informação e comunicação) e discutir seus significados para os diferentes grupos ou estratos sociais.","Circulação de pessoas, produtos e culturas",O mundo da tecnologia: a integração de pessoas e as exclusões sociais e culturais,,,,,,,
EF04HI09,Ensino Fundamental,04,,História,09,Identificar as motivações dos processos migratórios em diferentes tempos e espaços e avaliar o papel desempenhado pela migração nas regiões de destino.,As questões históricas relativas às migrações,O surgimento da espécie humana no continente africano e sua expansão pelo mundo,,,,,,,
EF04HI10,Ensino Fundamental,04,,História,10,Analisar diferentes fluxos populacionais e suas contribuições para a formação da sociedade brasileira.,As questões históricas relativas às migrações,"Os processos migratórios para a formação do Brasil: os grupos indígenas, a presença portuguesa e a diáspora forçada dos africanos",,,,,,,
EF04HI11,Ensino Fundamental,04,,História,11,"Analisar, na sociedade em que vive, a existência ou não de mudanças associadas à migração (interna e internacional).",As questões históricas relativas às migrações,Os processos migratórios do final do século XIX e início do século XX no Brasil,,,,,,,
EF04LP01,Ensino Fundamental,04,,Língua Portuguesa,01,Grafar palavras utilizando regras de correspondência fonema- -grafema regulares diretas e contextuais.,Análise linguística/semiótica (Ortografização),Construção do sistema alfabético e da ortografia,,,,,,,
EF04LP02,Ensino Fundamental,04,,Língua Portuguesa,02,"Ler e escrever, corretamente, palavras com sílabas VV e CVV em casos nos quais a combinação VV (ditongo) é reduzida na língua oral (ai, ei, ou).",Análise linguística/semiótica (Ortografização),Construção do sistema alfabético e da ortografia,,,,,,,
EF04LP03,Ensino Fundamental,04,,Língua Portuguesa,03,"Localizar palavras no dicionário para esclarecer significados, reconhecendo o significado mais plausível para o contexto que deu origem à consulta.",Análise linguística/semiótica (Ortografização),Conhecimento do alfabeto do português do Brasil/Ordem alfabética/Polissemia,,,,,,,
EF04LP04,Ensino Fundamental,04,,Língua Portuguesa,04,"Usar acento gráfico (agudo ou circunflexo) em paroxítonas terminadas em -i(s), -l, -r, -ão(s).",Análise linguística/semiótica (Ortografização),Conhecimento das diversas grafias do alfabeto/ Acentuação,,,,,,,
EF04LP05,Ensino Fundamental,04,,Língua Portuguesa,05,"Identificar a função na leitura e usar, adequadamente, na escrita ponto final, de interrogação, de exclamação, dois-pontos e travessão em diálogos (discurso direto), vírgula em enumerações e em separação de vocativo e de aposto.",Análise linguística/semiótica (Ortografização),Pontuação,,,,,,,
EF04LP06,Ensino Fundamental,04,,Língua Portuguesa,06,Identificar em textos e usar na produção textual a concordância entre substantivo ou pronome pessoal e verbo (concordância verbal).,Análise linguística/semiótica (Ortografização),Morfologia/Morfossintaxe,,,,,,,
EF04LP07,Ensino Fundamental,04,,Língua Portuguesa,07,"Identificar em textos e usar na produção textual a concordância entre artigo, substantivo e adjetivo (concordância no grupo nominal).",Análise linguística/semiótica (Ortografização),Morfossintaxe,,,,,,,
EF04LP08,Ensino Fundamental,04,,Língua Portuguesa,08,"Reconhecer e grafar, corretamente, palavras derivadas com os sufixos -agem, -oso, -eza, -izar/-isar (regulares morfológicas).",Análise linguística/semiótica (Ortografização),Morfologia,,,,,,,
EF04LP09,Ensino Fundamental,04,,Língua Portuguesa,09,"Ler e compreender, com autonomia, boletos, faturas e carnês, dentre outros gêneros do campo da vida cotidiana, de acordo com as convenções do gênero (campos, itens elencados, medidas de consumo, código de barras) e considerando a situação comunicativa e a finalidade do texto.",Leitura/escuta (compartilhada e autônoma),Compreensão em leitura,sim,AF,EF03LP11,"• Experimentar a leitura de boletos, faturas e carnês, entre outros gêneros presentes na vida cotidiana.
• Reconhecer as convenções dos gêneros presentes na vida cotidiana, considerando a situação comunicativa e a finalidade do texto.","CG: 4
CE: 3 e 4
CA: 2","EF: EF15LP02; EF15LP03; EF15LP04;  EF35LP03; EF35LP04
AC: EF04LP02","A habilidade trata do reconhecimento, no processo de leitura, de recursos linguísticos, discursivos e multissemióticos que constituem os gêneros previstos, de modo que seja possível empregá-los adequadamente nos textos a serem produzidos, além de propiciar a familiarização do estudante em relação aos gêneros da vida cotidiana. Sugere-se que os estudantes, em parceria com a família, façam seleções de boletos, faturas de cartões, contas de água e energia e levem para a sala de aula, a fim de analisar o consumo, os elementos constituintes de cada gênero textual, entre outros aspectos. Propõe-se que essa análise ocorra por meio de uma situação-problema que mobilize o estudante a refletir sobre o contexto de produção e a finalidade desses textos. Além disso, é possível levar o estudante a refletir sobre o consumo consciente de água, luz etc. Assim, problematizam-se temas relacionados aos ODS, como respeito ao meio ambiente, por exemplo. Recomenda-se, ainda, a elaboração de projeto interdisciplinar com a área de Matemática, com foco na exploração de gráficos, códigos de barras e tabelas simples."
EF04LP10,Ensino Fundamental,04,,Língua Portuguesa,10,"Ler e compreender, com autonomia, cartas pessoais de reclamação, dentre outros gêneros do campo da vida cotidiana, de acordo com as convenções do gênero carta e considerando a situação comunicativa e o tema/assunto/finalidade do texto.",Leitura/escuta (compartilhada e autônoma),Compreensão em leitura,sim,AF,EF03LP12,"• Participar de situações de leitura de cartas pessoais de reclamação, entre outros gêneros presentes na vida cotidiana.
• Reconhecer as convenções do gênero carta, considerando a situação comunicativa e o tema/assunto/finalidade do texto.","CG: 7
CE: 3 e 7
CA: 1 e 2",EF: EF15LP02; EF15LP03; EF15LP04 EF35LP03; EF35LP04 ; EF04LP05       AC: EF04LP02; EF04LP03; EF04LP06; EF04LP07,"Essa habilidade pressupõe a mobilização de operações leitoras, como localizar, comparar, analisar e inferir. Além de considerar o reconhecimento das características de cada um dos gêneros do campo cotidiano (organização interna, marcas linguísticas, conteúdo temático) e dos textos específicos a serem lidos. No que se refere aos elementos linguísticos, pode ser trabalhada concomitantemente com a habilidade de fluência EF04LP05, de modo a considerar a função na leitura dos sinais de pontuação como recursos de coesão e expressividade. Recomenda-se, portanto, o planejamento de situações de leitura que possibilitem a reflexão sobre a carta pessoal de reclamação como um gênero que permite o exercício da cidadania. Dessa maneira, pode-se disponibilizar, em um painel, uma série de temas relacionados ao universo infantil e/ou de interesse da comunidade escolar, do bairro, da cidade etc., bem como questões contemporâneas, para que, então, os estudantes possam selecionar os temas a serem trabalhados. Assim, são mobilizados a tomar decisões sobre a própria aprendizagem. Outro desdobramento possível é simular uma rádio em que as cartas de reclamação são lidas pelos locutores. Dessa maneira, é possível estimulá-los a desenvolver uma leitura fluente e adequada à situação comunicativa. Nesse caso, recomenda-se, ainda, em articulação com Arte, propor a preparação de um cenário em formato de estúdio de rádio, de modo a tornar a experiência mais concreta."
EF04LP11,Ensino Fundamental,04,,Língua Portuguesa,11,"Planejar e produzir, com autonomia, cartas pessoais de reclamação, dentre outros gêneros do campo da vida cotidiana, de acordo com as convenções do gênero carta e com a estrutura própria desses textos (problema, opinião, argumentos), considerando a situação comunicativa e o tema/assunto/finalidade do texto.",Produção de textos (escrita compartilhada e autônoma),Escrita colaborativa,sim,AF,EF03LP18,"• Planejar cartas pessoais de reclamação, considerando as convenções, a estrutura do gênero, a situação comunicativa e o tema/assunto/finalidade do texto.
•  Produzir cartas pessoais de reclamação, considerando as convenções, a estrutura do gênero, a situação comunicativa e o tema/assunto/finalidade do texto.","CG: 7e 9
CE: 2, 3 e 7
CA: 3 e 4","EF: EF04LP05; EF15LP05; EF15LP06; EF15LP07              AC: EF04LP01;  EF04LP02;  EF04LP06; EF04LP07;
AF: EF04LP10","Essa habilidade prevê a produção textual de cartas pessoais de reclamação, de modo articulado aos vetores do processo de escrita (situação/tema ou assunto/finalidade). Envolve também operações da escrita processual: planejar e produzir, que significam organizar as ideias para depois escrevê-las. Além disso, é possível propor articulações com habilidades que envolvam procedimentos de leitura, como EF04LP10. Recomenda-se, propor oficinas de escrita colaborativa, cujo foco seja produzir cartas de reclamação, com base em temas de relevância social. Nesse contexto, pode-se, também, promover situações de compartilhamento de textos entre os estudantes, para que eles possam desempenhar a função de leitores críticos. Desse modo, além de trabalhar com a escrita, é possível favorecer a aquisição de habilidades socioemocionais (respeito ao trabalho do outro, empatia etc.). Propõe-se, também, considerar os procedimentos de revisão e reescrita do texto, de modo a avaliar a adequação ao gênero e o emprego adequado dos aspectos linguísticos. Em relação aos elementos linguísticos, podem-se explorar as habilidades complementares EF04LP06 e EF04LP07, no que se refere aos mecanismos de concordâncias verbal e nominal. Sugere-se, também, propor a utilização de procedimentos de busca e consulta a ambientes/espaços impressos e digitais de publicação das cartas de reclamação, tanto em colaboração, quanto de modo autônomo, de maneira a favorecer o exercício da cidadania."
EF04LP12,Ensino Fundamental,04,,Língua Portuguesa,12,"Assistir, em vídeo digital, a programa infantil com instruções de montagem, de jogos e brincadeiras e, a partir dele, planejar e produzir tutoriais em áudio ou vídeo.",Oralidade,Produção de texto oral,sim,AF,EF03LP15,"• Reconhecer as condições de produção de programas de jogo e brincadeiras infantis (apresentador, função social, suporte).
• Reconhecer as instruções dos textos injuntivos no vídeo e analisar as diferentes semioses (imagem, som, pausa, entonação).
• Planejar a produção de um tutorial em áudio ou em vídeo, considerando estrutura, público-alvo, suporte, entre outros.
• Produzir um tutorial, fazendo uso das diferentes semioses, de acordo com o suporte.
• Utilizar ferramentas de edição com o auxílio do professor.","CG: 4 e 5
CE: 3 e 10
CA: 2, 3 e 6",EF: EF04LP05; EF15LP05; EF15LP06; EF15LP07; EF15LP09; EF15LP13               AF: EF04LP13,"Essa habilidade prevê que o estudante mobilize diferentes operações, por exemplo,   analisar vídeo de programa infantil com instruções de montagem, de jogos e brincadeiras; planejar e produzir tutoriais em áudio ou vídeo. Propõe-se, portanto, um trabalho articulado à habilidade complementar EF04LP13, de modo a garantir que o estudante seja capaz  de identiﬁcar em textos injuntivos instrucionais os elementos linguísticos (verbos imperativos), bem como o formato especíﬁco dos textos orais ou escritos desses gêneros (lista/apresentação de materiais e instruções/passos de jogo). Desse modo, é interessante propor atividades que possibilitem a utilização de ferramentas digitais, a fim de que os estudantes possam assistir e analisar os textos, considerando as características dos gêneros, a situação comunicativa e os recursos multissemióticos, bem como planejar e produzir o texto. Recomenda-se, como proposta de produção de tutoriais, a criação de um vlog de jogos e brincadeiras infantis regionais, por exemplo. Nesse sentido, podem-se elaborar projetos integrados à Arte e Educação Física, no que se refere à experimentação de brinquedos, brincadeiras, jogos e danças de matrizes africana e indígena. O componente curricular Arte, em especial, pode contribuir para instrumentalizar o estudante em relação ao uso de recursos tecnológicos nos processos de criação artística. Como possibilidade de avaliação da aprendizagem, sugere-se que sejam avaliados o processo e o resultado final da produção dos estudantes."
EF04LP13,Ensino Fundamental,04,,Língua Portuguesa,13,"Identificar e reproduzir, em textos injuntivos instrucionais (instruções de jogos digitais ou impressos), a formatação própria desses textos (verbos imperativos, indicação de passos a ser seguidos) e formato específico dos textos orais ou escritos desses gêneros (lista/ apresentação de materiais e instruções/passos de jogo).",Análise linguística/semiótica (Ortografização),Forma de composição do texto,sim,AF,EF03LP11,"• Reconhecer a formatação própria dos textos injuntivos instrucionais.
• Reconhecer elementos linguísticos que compõem os textos injuntivos instrucionais.
• Reproduzir a forma e o estilo dos textos injuntivos instrucionais, na oralidade ou na escrita.","CG: 4
CA: 2 e 3
CE: 2, 3 e 5",EF: EF04LP05;  EF15LP02; EF15LP03; EF15LP04                  AF: EF04LP12,"A habilidade pressupõe a identificação, em textos injuntivos instrucionais (instruções de jogos digitais ou impressos), a formatação própria dos verbos imperativos, a indicação de passos a ser seguidos e o formato específico dos textos orais ou escritos. Nesse sentido, pode ser desenvolvimenda conjuntamente com a habilidade EF04LP13, considerando que, ao assistir a um programa infantil com instruções de montagem de jogos e brincadeiras, o estudante deve ser capaz de reconhecer os elementos determinados nesta habilidade."
EF04LP14,Ensino Fundamental,04,,Língua Portuguesa,14,"Identificar, em notícias, fatos, participantes, local e momento/tempo da ocorrência do fato noticiado.",Leitura/escuta (compartilhada e autônoma),Compreensão em leitura,sim,AF,EF03LP18,"• Analisar notícias.
• Identificar fatos, participantes, local e momento/tempo da ocorrência do fato noticiado.","CG: 7
CE: 3, 6 e 7
CA: 2 e 6",EF: EF15LP02; EF15LP03                AF: EF04LP15,"Essa habilidade efetiva-se em situações de leitura de notícias cujo principal foco é a identificação dos recursos linguísticos e discursivos (lide e corpo de notícia, formatação e diagramação específicas) que constituem esse gênero. A progressão pode dar-se pela complexidade dos textos lidos e pelo nível de autonomia que se pretende levar o estudante. Recomenda-se promover rodas de leitura de jornais impressos e pesquisas em jornais digitais, de modo a permitir e qualificar o acesso dos estudantes a diferentes fontes de informação. Desse modo, pode-se, também, instrumentalizá-los em relação ao sistema de buscas na internet. Nessas situações de leitura, é fundamental mobilizar o estudante a analisar, também, as imagens que compõem as notícias. Assim, são estimulados a observar a relação entre o conteúdo verbal e as imagens. Propõe-se, também, como atividade, solicitar aos estudantes que, em pequenos grupos, destaquem, com lápis de cor, os elementos estruturais de notícias. Essa atividade pode ser replicada, individualmente, em caráter avaliativo."
EF04LP15,Ensino Fundamental,04,,Língua Portuguesa,15,"Distinguir fatos de opiniões/sugestões em textos (informativos, jornalísticos, publicitários etc.).",Leitura/escuta (compartilhada e autônoma),Compreensão em leitura,sim,AF,EF03LP19,"• Analisar textos informativos, jornalísticos, publicitários etc.
• Reconhecer fatos e opiniões em textos.
• Distinguir fatos de opiniões/sugestões em textos.","CG: 7
CE: 3, 6 e 7
CA: 2","EF: EF15LP02; EF15LP03; EF15LP04;  EF35LP03; EF35LP04
 AF: EF04LP14","O foco principal da habilidade pressupõe que o estudante seja capaz de diferenciar fato de opinião. Trata-se de uma habilidade complexa, que precisa considerar o trabalho com outras habilidades de leitura, bem como a reflexão sobre as características dos textos mencionados (organização interna, marcas linguísticas, conteúdo temático). Desse modo, é possível estabelecer relações com a habilidade EF04LP14, uma vez que, para reconhecer fatos e opiniões em notícias, por exemplo, é necessário identificar os elementos básicos desse gênero. Propõe-se o planejamento de projeto de leitura  e análise de fake news, considerando temas acessíveis ao universo infantil. Além disso, pode-se iniciar a atividade com perguntas problematizadoras como: “O que são fake news? Quais cuidados devemos ter antes de repassar uma notícia?”, a fim de ativar o conhecimento prévio dos estudantes. Além disso, recomenda-se, coletivamente, identificar fatos e opiniões na notícia lida, considerando a pesquisa de informações em outras fontes, a fim de checar a veracidade dos fatos. Para isso, pode-se projetar o texto ou elaborar um cartaz, a fim de sublinhar ou pintar com cores diferentes, fatos e opiniões para que os estudantes possam visualizar essas informações. Assim, facilita-se a compreensão do texto."
EF04LP16,Ensino Fundamental,04,,Língua Portuguesa,16,"Produzir notícias sobre fatos ocorridos no universo escolar, digitais ou impressas, para o jornal da escola, noticiando os fatos e seus atores e comentando decorrências, de acordo com as convenções do gênero notícia e considerando a situação comunicativa e o tema/assunto do texto.",Produção de textos (escrita compartilhada e autônoma),Escrita colaborativa,sim,AF,EF03LP18,"• Definir o fato a ser noticiado, considerando o universo escolar.
• Planejar notícias sobre fatos ocorridos no universo escolar (digitais ou impressas), considerando as convenções do gênero, a situação comunicativa, o tema/assunto do texto e o suporte.","CG: 4 e 7
CA: 2 e 3
CE: 2, 3, 6 e 7","EF: EF04LP05; EF15LP05         AC:EF04LP01; EF04LP02; EF04LP06; EF04LP07
AF: EF04LP14 e EF04LP15","A habilidade refere-se à produção de notícias, considerando o tema/assunto, a situação comunicativa e as convenções do gênero. Para o desenvolvimento dessa habilidade, é necessário que os estudantes tenham vivenciado diferentes situações de leitura/escuta e análise de notícias. Desse modo, propõe-se um trabalho articulado às habilidades  EF04LP14 e EF04LP15. Sugere-se que, na etapa de planejamento, seja possível pesquisar fatos do entorno dos estudantes, bem como assuntos de relevância social que aconteceram na escola ou na comunidade para que, então, eles selecionem o acontecimento a ser noticiado.  Recomenda-se, também, propor a elaboração de um jornal-mural, por exemplo. É possível, nesse contexto, mobilizar os estudantes a refletir sobre a  finalidade do texto, o contexto de produção e o suporte: “Qual informação se quer compartilhar? Quais fatos poderiam ser abordados? De que modo os estudantes e a comunidade escolar em geral poderiam ter acesso ao jornal?”. Além disso, propõe-se construir, coletivamente, uma tabela de critérios necessários à escrita do texto. Reitera-se, que após a textualização da notícia, é necessário a reescrita e a revisão do texto. Espera-se que essa proposta de trabalho seja atrelada às habilidades relacionadas aos aspectos notacionais, como EF04LP02, EF04LP04, entre outras. Propõe-se como avaliação da aprendizagem o acompanhamento do processo de produção do texto. Além disso, pode-se considerar a autoavaliação dos estudantes por escrito ou oralmente."
EF04LP17,Ensino Fundamental,04,,Língua Portuguesa,17,"Produzir jornais radiofônicos ou televisivos e entrevistas veiculadas em rádio, TV e na internet, orientando-se por roteiro ou texto e demonstrando conhecimento dos gêneros jornal falado/televisivo e entrevista.",Oralidade,Planejamento e produção de texto,sim,AF,EF03LP22,"• Planejar notícias sobre fatos ocorridos no universo escolar (digitais ou impressas), considerando as convenções do gênero, a situação comunicativa, o tema/assunto do texto e o suporte.
• Produzir notícias sobre fatos ocorridos no universo escolar (digitais ou impressas), considerando as convenções do gênero, a situação comunicativa, o tema/assunto do texto e o suporte.","CG: 4 e 7
CA: 2 e 3
CE: 3, 6 e 7",EF: EF04LP05; EF15LP05; EF15LP06; EF15LP07; EF15LP09; EF15LP13    AF: EF04LP16,"A habilidade prevê tanto a produção oral quanto a oralização de textos escritos. Nesse sentido, é necessário considerar as seguintes condições básicas para a adequação do texto: a) planejar por escrito o texto a ser lido; b) organizar esquema do texto a ser produzido oralmente, o que requer ensaio coletivo, com análise crítica; c) estudar os recursos a serem empregados nesse material, considerando a especificidade da mídia e o ambiente no qual será veiculado o material. Sugere-se estabelecer relações com a habilidade EF04LP18, que, por sua vez, pressupõe o estudo de aspectos relativos à comunicação oral (entrevistas, vídeos de vloggers) ou oralizadas (fala de âncora ou locutor de notícias etc.). Recomenda-se, portanto, a elaboração de projetos com foco na produção/revisão colaborativa, inseridos na produção de jornais editados para circular em blogs e rádios comunitárias da escola. Além disso, sugere-se planejar situações de pesquisa de fatos de relevância da comunidade escolar e/ou de interesse social, bem como a coleta de dados e informações. Há, nesse caso, uma oportunidade de integração com o componente curricular Arte, a fim de trabalhar habilidades relacionadas ao padrão entonacional, as expressões faciais e corporais necessárias à fala de âncoras e locutores de notícias. Pode-se, como avaliação, propor rubricas de qualidade para que o estudante possa avaliar os colegas e a si mesmo."
EF04LP18,Ensino Fundamental,04,,Língua Portuguesa,18,Analisar o padrão entonacional e a expressão facial e corporal de âncoras de jornais radiofônicos ou televisivos e de entrevistadores/entrevistados.,Análise linguística/semiótica (Ortografização),Forma de composição dos textos,,,,,,,
EF04LP19,Ensino Fundamental,04,,Língua Portuguesa,19,"Ler e compreender textos expositivos de divulgação científica para crianças, considerando a situação comunicativa e o tema/ assunto do texto.",Leitura/escuta (compartilhada e autônoma),Compreensão em leitura,sim,AF,EF03LP24,"• Analisar textos de divulgação científica para criança.
• Reconhecer o tema/assunto e a situação comunicativa de textos de divulgação científica.","CG: 2 e 4
CA: 2
CE: 3 e 6","EF: EF04LP05;  EF15LP02; EF15LP03; EF15LP04; EF35LP03; EF35LP04  EF35LP12
AC: EF04LP03; EF04LP06; EF04LP07; EF04LP24","Trata-se de uma habilidade que prevê a elaboração de situações de leitura, a fim de mobilizar o estudante a reconhecer as características de cada um dos gêneros (organização interna, marcas linguísticas, conteúdo temático) e dos textos expositivos de divulgação científica para crianças. Além disso, entende-se que a leitura desses textos é exigida em diferentes áreas do conhecimento. Desse modo, é fundamental que o estudante possa desenvolver proficiência leitora em relação aos textos de divulgação científica. Propõe-se que essa habilidade seja articulada à habilidade complementar EF04LP03 com foco na localização de palavras no dicionário para esclarecer signiﬁcados, de modo a facilitar a compreensão dos textos expositivos. Sugere-se, portanto, promover atividades com base em situações-problema, envolvendo temas relacionados à Educação Física, Ciências etc., de modo a incentivar e despertar o olhar investigativo do estudante e levá-lo a pesquisar em revistas e em enciclopédias científicas impressas e/ou digitais. Nesse contexto, é possível que a pesquisa e a leitura dos textos expositivos sejam realizadas em grupos e, posteriormente, os resultados podem ser apresentados aos demais colegas. Desse modo, os grupos podem responder a um roteiro de perguntas. Por exemplo: “Quais estratégias utilizamos para compreender o texto? O que descobrimos com a leitura do texto de divulgação científica?”. Nesse caso, pode-se avaliar o nível de proficiência leitora do estudante."
EF04LP20,Ensino Fundamental,04,,Língua Portuguesa,20,"Reconhecer a função de gráficos, diagramas e tabelas em textos, como forma de apresentação de dados e informações. com o apoio do professor, informaçõ textos que circulam em meios impre",Leitura/escuta (compartilhada e autônoma),Imagens analíticas em textos,sim,AF,,"• Analisar gráficos, diagramas e tabelas em textos.
• Explorar os recursos multissemióticos em gráficos, diagramas e tabelas em textos.
•  Reconhecer a função de gráficos, diagramas e tabelas em textos, considerando a apresentação de dados e informações.","CG: 2 e 4
CA: 2
CE: 3 e 6","EF: EF15LP02; EF15LP03; EF15LP04               AF: EF04LP19
AC: EF04LP01; EF04LP24","A habilidade exige que o estudante seja capaz de reconhecer os diferentes recursos multissemióticos que compõem os textos. Desse modo, espera-se que, ao ler e/ou produzir notícias, textos de divulgação científica, por exemplo, o estudante compreenda que gráficos, diagramas e tabelas podem conter dados não apresentados no texto verbal que sejam importantes para compreender a questão discutida no texto lido. Essa habilidade pode ser trabalhada de modo articulado às habilidades EF04LP24 e EF04LP19, favorecendo, assim, a análise de dados e de informações em textos de divulgação científica. Recomenda-se, ainda, promover a análise de textos em rotação por estação de aprendizagem, de modo a disponibilizar diferentes gêneros para a análise dos estudantes. Nesse caso, propõe-se, ainda, que essa análise ocorra com base em roteiros de perguntas prévias como: “Quais informações o texto expõe? Quais estratégias foram utilizadas para analisar e compreender os dados?  Em que meio esse gráfico/diagrama/tabela poderiam ter sido publicados?” etc. Há, também, oportunidade de trabalho interdisciplinar com as áreas de Matemática e Ciências, no que se refere à exploração e análise desses textos."
EF04LP21,Ensino Fundamental,04,,Língua Portuguesa,21,"Planejar e produzir textos sobre temas de interesse, com base em resultados de observações e pesquisas em fontes de informações impressas ou eletrônicas, incluindo, quando pertinente, imagens e gráficos ou tabelas simples, considerando a situação comunicativa e o tema/assunto do texto.",Produção de textos (escrita compartilhada e autônoma),Produção de textos,sim,AF,EF03LP24,"• Utilizar ferramentas de curadoria de informações, considerando o tema previamente selecionado.
•  Planejar textos sobre temas de interesse, com base em resultados de observações e pesquisas em fontes de informações (impressas ou eletrônicas), considerando a situação comunicativa e o tema/assunto do texto.
• Produzir textos sobre temas de interesse, com base em resultados de observações e pesquisas em fontes de informações, considerando o uso de recursos multissemióticos (tabelas, gráficos, quadros etc.), a situação comunicativa e o tema/assunto do texto.","CG: 2
CA: 2 e 3
CE: 3, 5 e 10","AF: EF04LP20
AC: EF04LP24","Essa habilidade tem como principal foco o planejamento e a produção de textos sobre  temas de interesse dos estudantes, atrelados à busca de informações e pesquisas confiáveis. Recomenda-se que seja desenvolvida vinculada às habilidades EF04LP20 e EF04LP24, considerando, assim, a exploração e a utilização de textos multissemióticos (tabelas, diagramas e gráﬁcos) como forma de apresentação de dados e informações em relatórios de observação e pesquisa, por exemplo. Espera-se que essa habilidade também possa possibilitar e qualificar a utilização de ferramentas de curadoria. Como possibilidade de atividade, pode-se promover uma situação-problema para que os estudantes escolham os temas de interesse da turma. Desse modo, é possível favorecer a aquisição de habilidades socioemocionais com foco na tomada de decisões embasada no diálogo e no respeito ao outro. Propõe-se, ainda, que a escrita seja desenvolvida processualmente, de modo a considerar o planejamento, a textualização, a revisão e a reescrita. Há ainda, em especial, oportunidade de elaboração de projeto interdisciplinar com a área de Matemática, visando à elaboração de tabelas, gráficos etc. para compor o texto produzido."
EF04LP22,Ensino Fundamental,04,,Língua Portuguesa,22,"Planejar e produzir, com certa autonomia, verbetes de enciclopédia infantil, digitais ou impressos, considerando a situação comunicativa e o tema/ assunto/finalidade do texto.",Produção de textos (escrita compartilhada e autônoma),Escrita autônoma,sim,AF,EF02LP25,"• Reconhecer a formatação própria dos verbetes.
• Reconhecer a situação comunicativa e a finalidade dos verbetes.
• Reproduzir a forma e o estilo dos verbetes de acordo com a situação comunicativa e a finalidade do texto, em formato impresso ou digital.                                                                                                                                                  . Planejar verbetes de enciclopédia infantil (digitais ou impressos), considerando a situação comunicativa e o tema/assunto/finalidade do texto.
• Produzir verbetes de enciclopédia infantil (digitais ou impressos), considerando a situação comunicativa e o tema/assunto/finalidade do texto.","CG: 2 e 4
CA: 2 e 3
CE: 2, 3 e 5",EF: EF15LP05; EF15LP06; EF15LP07  AC: EF04LP03; EF04LP23,"A habilidade prevê o planejamento e a produção  verbetes de enciclopédia infantil, digitais ou impressos que sejam baseados em fontes de informação e pesquisas confiáveis. Recomenda-se que o desenvolvimento dessa habilidade seja atrelado à habilidade EF04LP23, com foco em identificar e reproduzir a formatação e diagramação especíﬁca dos verbetes. Recomenda-se como proposta de atividade, elaborar, coletivamente uma tabela para sistematizar as características dos verbetes, considerando as convenções do gênero, a linguagem, o contexto de produção/circulação e o suporte etc., para que, então, os estudantes possam ter parâmetros para iniciar o planejamento e a escrita da primeira versão do texto. Além disso, recomenda-se promover discussões,  a fim de definir o destino da escrita. Por exemplo: Criação de um livro de verbetes para compor o acervo da biblioteca da escola. Sugere-se, também, que os estudantes possam utilizar diferentes ferramentas de curadoria de informações para pesquisar sobre o tema selecionado. Propõe-se, ainda, a disponibilização de dicionários, enciclopédias físicas e digitais para que possam visualizar com detalhes a formatação e a diagramação dos verbetes, a fim de replicá-las em suas produções e organizá-las em ordem alfabética ou por temas. Há oportunidade de desenvolver projetos integrados ao componente curricular Arte com o propósito de explorar os recursos gráfico-visuais relacionados à formatação e à diagramação."
EF04LP23,Ensino Fundamental,04,,Língua Portuguesa,23,"Identificar e reproduzir, em verbetes de enciclopédia infantil, digitais ou impressos, a formatação e diagramação específica desse gênero (título do verbete, definição, detalhamento, curiosidades), considerando a situação comunicativa e o tema/ assunto/finalidade do texto.",Análise linguística/semiótica (Ortografização),Coesão e articuladores,,,,,,,
EF04LP24,Ensino Fundamental,04,,Língua Portuguesa,24,"Identificar e reproduzir, em seu formato, tabelas, diagramas e gráficos em relatórios de observação e pesquisa, como forma de apresentação de dados e informações.",Análise linguística/semiótica (Ortografização),Adequação do texto às normas de escrita,,,,,,,
EF04LP25,Ensino Fundamental,04,,Língua Portuguesa,25,"Representar cenas de textos dramáticos, reproduzindo as falas das personagens, de acordo com as rubricas de interpretação e movimento indicadas pelo autor.",Oralidade,Performances orais,sim,AF,EF35LP30,"• Identificar, em textos dramáticos, marcadores das falas das personagens e de cena.
• Representar cenas de textos dramáticos, reproduzindo as falas das personagens, considerando as rubricas de interpretação e movimento indicadas pelo autor.","CG: 2, 3 e 4
CA: 2, 3 e 5
CE: 2, 3 e 9","EF: EF04LP05
AF: EF35LP24; EF35LP30; EF04LP27
AC: EF04LP01; EF04LP06","O desenvolvimento dessa habilidade está diretamente ligado à habilidade EF04LP27, uma vez que, para representar cenas de textos dramáticos, é necessário que o estudante seja capaz de identificar os marcadores das falas das personagens. Nesse sentido, é pressuposto o reconhecimento dos discursos diretos e dos verbos de enunciação, bem como o efeito de sentido provocado pelas variantes linguísticas, estabelecendo, assim, relações com a habilidade EF35LP30 do segmento, no que se refere ao uso expressivo dos sinais de pontuação. Sugere-se, como proposta de atividade, a elaboração de esquetes com base na leitura de tirinhas, por exemplo. Recomenda-se, ainda, gravar os esquetes, a fim de montar um vídeo com o trabalho dos estudantes. Desse modo, podem ser elaborados projetos interdisciplinares com o componente curricular Arte, com foco na criação de cenas, preparação de figurinos, cenários etc. Há, ainda, uma oportunidade de desenvolver habilidades relacionadas ao trabalho com grupos colaborativos, visto que as dramatizações podem ser realizadas em parceria com os colegas. Como proposta de avaliação da aprendizagem, é possível solicitar autoavaliações para que o estudante comente sobre o próprio desempenho nas representações dramáticas."
EF04LP26,Ensino Fundamental,04,,Língua Portuguesa,26,"Observar, em poemas concretos, o formato, a distribuição e a diagramação das letras do texto na página.",Análise linguística/semiótica (Ortografização),Forma de composição de textos poéticos visuais,,,,,,,
EF04LP27,Ensino Fundamental,04,,Língua Portuguesa,27,"Identificar, em textos dramáticos, marcadores das falas das personagens e de cena.",Análise linguística/semiótica (Ortografização),Forma de composição de textos dramáticos,sim,AF,,"• Identificar, em textos dramáticos, marcadores das falas das personagens.
• Identificar, em textos dramáticos, marcadores de cena.","CG: 2, 3 e 4
CA: 2, 3 e 5
CE: 2, 3 e 9","EF: EF35LP21; EF35LP22; EF35LP30; EF04LP05
AF: EF35LP24;  EF35LP26","Trata-se de uma habilidade que aborda, no processo de leitura e estudo de textos dramáticos, de que modo as falas das personagens são marcadas: pontuação e rubricas de cena. Desse modo, essa habilidade pode ser desenvolvida em articulação com as EF04LP05 e EF35LP30, no que se refere a levar o estudante a reconhecer e distinguir o discurso indireto e o discurso direto, bem como o efeito de sentido de verbos de enunciação e o uso de variedades linguísticas no discurso direto, quando for o caso. Sugere-se a elaboração de projetos interdisciplinares integrados ao componente curricular Arte, de modo a ampliar o repertório dos estudantes em relação aos textos dramáticos. Nesse sentido, propõe-se o desenvolvimento de trabalho em grupos colaborativos, como ler textos dramáticos com base em roteiro de perguntas prévias, por exemplo: “Se vocês fossem dramatizar o texto, o que cada um pintaria ou marcaria no texto? E se fossem responsáveis pelo cenário e pelo figurino?” etc.; sublinhar com cores diferentes as marcações relacionadas à fala das personagens e de cena. Além disso, é possível orientá-los quanto ao reconhecimento de recursos próprios da atuação em cena, como as indicações de expressão corporal e facial, de carga emotiva e ritmo empregados no discurso, de interação corporal entre os personagens."
EF04MA01,Ensino Fundamental,04,,Matemática,01,"Ler, escrever e ordenar números naturais até a ordem de dezenas de milhar.",Números,"Sistema de numeração decimal: leitura, escrita, comparação e ordenação de números naturais de até cinco ordens",sim,EF,"EF03MA01
EF03MA02","• Ler, representar, comparar e ordenar números naturais até 100 000.
• Representar números na reta numérica usando escalas diversas.","CE: 3
CG: 1 e 4",,"Nesta habilidade, a proposta é ler, conhecer e ordenar números grandes que podem ser explorados a partir de tabelas e gráficos, por exemplo. As contagens de 100 em 100 e de 1000 em 1000 podem ser estimuladas e a representação de números na reta numérica para comparar números dessa magnitude deve ter escala maior do que um. Os intervalos podem variar de 100 em 100, por exemplo. O uso de sinais para expressar igualdade (igual) e desigualdade (diferente, maior que, menor que) pode auxiliar no desenvolvimento desta habilidade."
EF04MA02,Ensino Fundamental,04,,Matemática,02,"Mostrar, por decomposição e composição, que todo número natural pode ser escrito por meio de adições e multiplicações por potências de dez, para compreender o sistema de numeração decimal e desenvolver estratégias de cálculo.",Números,"Composição e decomposição de um número natural de até cinco ordens, por meio de adições e multiplicações por potências de 10",sim,AF,EF03MA02,"• Compor e decompor quantidades em dezenas de milhar, unidades de milhar, centenas, dezenas e unidades.
• Compor e decompor números utilizando a escrita aditiva e multiplicativa.
• Utilizar a composição e decomposção de números para realizar cálculos por procedimentos pessoais.","CE: 3
CG: 1 e 4",,"Representar a decomposição de um número natural por meio de adições e multiplicações por potências de base dez pressupõe que o aluno compreendeu adequadamente os princípios que estruturam o Sistema de Numeração Decimal. Por exemplo, situações em que haja possibilidade de escrever o número 3235 como sendo 3000 + 200 + 30 + 5 que, por sua vez, pode ser entendido como 3 x 1000 + 2 x 100 + 3 x 10 + 5 x 1 indica explicitamente que o algarismo 3 (usado no número duas vezes) representa diferentes valores dependendo da ordem ocupada por ele: na ordem da unidade do milhar seu valor é 3000 (3 x 1000), enquanto na ordem das dezenas seu valor é 30 (3 x 10). Esta compreensão implica no desenvolvimento de estratégias pessoais de cálculo e subsidiam, também, a compreensão de propriedades das operações matemáticas. No caso de multiplicar 2 x 128 é possível, por exemplo, efetuar 2 x 100 + 2 x 20 + 2 x 8, fato que advém de 2 x (100 + 20 + 8), ou seja, da propriedade distributiva da multiplicação em relação à adição."
EF04MA03,Ensino Fundamental,04,,Matemática,03,"Resolver e elaborar problemas com números naturais envolvendo adição e subtração, utilizando estratégias diversas, como cálculo, cálculo mental e algoritmos, além de fazer estimativas do resultado.",Números,Propriedades das operações para o desenvolvimento de diferentes estratégias de cálculo com números naturais,sim,EF,"EF03MA05
EF04MA01","• Efetuar adições e subtrações com algoritmo convencional ou recorrendo a um procedimento pessoal.
• Resolver e formular problemas de adição e subtração recorrendo a um procedimento pessoal ou convencional.
• Estimar a ordem de grandeza do resultado de uma adição ou de uma subtração.","CE: 3
CG: 2, 4, 9 e 10","EF04MA04
EF04MA05
EF04MA13
EF04MA25","Compreender as ideias associadas à adição e subtração, entender a estrutura dos algoritmos convencionais para efetuar tais cálculos e usar, sempre que necessário, estratégias pessoais de cálculo é tão importante quanto resolver problemas com números naturais envolvendo tais operações. Contudo, é muito importante que os alunos tenham oportunidade de tornarem-se verdadeiros produtores de situações problemas. Neste caso, eles passam de meros reprodutores de procedimentos para membros ativos da construção de contextos simultaneamente ao desenvolvimento das operações matemáticas envolvidas. Espera-se fluência na realização de adições e subtrações com números naturais até o final do 4º ano. Sugerimos realizar propostas envolvendo situações de compra e venda, troco e desconto."
EF04MA04,Ensino Fundamental,04,,Matemática,04,"Utilizar as relações entre adição e subtração, bem como entre multiplicação e divisão, para ampliar as estratégias de cálculo.",Números,Propriedades das operações para o desenvolvimento de diferentes estratégias de cálculo com números naturais,,,,,,,
EF04MA05,Ensino Fundamental,04,,Matemática,05,Utilizar as propriedades das operações para desenvolver estratégias de cálculo.,Números,"Problemas envolvendo diferentes significados da multiplicação e da divisão: adição de parcelas iguais, configuração retangular, proporcionalidade, repartição equitativa e medida",,,,,,,
EF04MA06,Ensino Fundamental,04,,Matemática,06,"Resolver e elaborar problemas envolvendo diferentes significados da multiplicação (adição de parcelas iguais, organização retangular e proporcionalidade), utilizando estratégias diversas, como cálculo por estimativa, cálculo mental e algoritmos.",Números,"Problemas envolvendo diferentes significados da multiplicação e da divisão: adição de parcelas iguais, configuração retangular, proporcionalidade, repartição equitativa e medida",sim,AF,"EF03MA07
EF04MA01","• Resolver e elaborar problemas de multiplicação relacionados à ideia de adição de partes iguais, organização retangular e proporcionalidade usando um procedimento pessoal.
• Reconhecer os fatos fundamentais da multiplicação e utilizá‑los na resolução de operações e problemas.
• Efetuar multiplicações recorrendo a procedimentos convencionais ou pessoais de cálculo.","CE: 3, 5 e 6
CG: 2, 4, 9 e 10","EF04MA04
EF04MA05
EF04MA08
EF04MA11
EF04MA13","Esta habilidade retoma e amplia o trabalho iniciado na habilidade EF03MA07, inserindo a ideia de proporcionalidade, além da ideia de adição de parcelas iguais e a de disposição retangular. Nesta ampliação, o aluno deve ter a oportunidade de verificar como uma grandeza (discreta) se comporta ao modificarmos outra associada a ela. Por exemplo, se com 2 garrafas de suco concentrado é possível fazer 6 jarras de suco, cada uma de 1 L, quantas garrafas de suco concentrado são necessárias para fazermos 18 jarras idênticas? Contextos envolvendo dobro, triplo, quádruplo, etc. são favoráveis ao desenvolvimento desta habilidade. Além disso, já é possível explorar o algoritmo convencional para efetuar a multiplicação. Espera-se fluência na aprendizagem dos fatos fundamentais da multiplicação até o final do ano."
EF04MA07,Ensino Fundamental,04,,Matemática,07,"Resolver e elaborar problemas de divisão cujo divisor tenha no máximo dois algarismos, envolvendo os significados de repartição equitativa e de medida, utilizando estratégias diversas, como cálculo por estimativa, cálculo mental e algoritmos.",Números,"Problemas envolvendo diferentes significados da multiplicação e da divisão: adição de parcelas iguais, configuração retangular, proporcionalidade, repartição equitativa e medida",sim,AF,"EF03MA07
EF04MA01","• Resolver e elaborar problemas de divisão relacionados à ideia de repartir em partes iguais e medir.
• Efetuar a divisão, utilizando algoritmos por estimativa (algoritmo americano) ou outro algoritmo com até dois algarismos no divisor.
• Estimar a ordem de grandeza do resultado de uma operação.","CE: 3, 5 e 6
CG: 2, 4, 9 e 10","EF04MA12
EF04MA13","Esta habilidade preconiza duas ideias associadas à operação divisão: a ideia de repartição equitativa e a ideia de medida. No primeiro caso, temos um grupo de elementos que será distribuído igualmente numa quantidade pré-fixada de grupos menores, obtendo, assim, a quantidade de elementos em cada grupo. Por exemplo, distribuindo 10 balas para 2 crianças, cada criança receberá 5 balas. No segundo caso, devemos verificar quantos grupos menores (formados pela mesma quantidade de elementos) estão contidos num grupo maior. Neste caso, podemos exemplificar através da distribuição de 10 balas em pacotes que apresentam 2 balas cada, resultando, assim, em 5 pacotes. Em relação aos algoritmos previstos na habilidade, pode-se utilizar o cálculo mental, o cálculo por estimativa e, também, o algoritmo convencional desde que o divisor tenha, no máximo, dois algarismos. A divisão de a por b (a ÷ b), sendo a e b naturais, a ≥ b e b ≠ 0, pode ser representada por a = c x b + r, sendo r < b, denominado de resto. A nomenclatura específica da divisão (dividendo, divisor, quociente e resto) pode ser introduzida."
EF04MA08,Ensino Fundamental,04,,Matemática,08,"Resolver, com o suporte de imagem e/ou material manipulável, problemas simples de contagem, como a determinação do número de agrupamentos possíveis ao se combinar cada elemento de uma coleção com todos os elementos de outra, utilizando estratégias e formas de registro pessoais.",Números,Problemas de contagem,,,,,,,
EF04MA09,Ensino Fundamental,04,,Matemática,09,"Reconhecer as frações unitárias mais usuais (1/2, 1/3, 1/4, 1/5, 1/10 e 1/100) como unidades de medida menores do que uma unidade, utilizando a reta numérica como recurso.",Números,"Números racionais: frações unitárias mais usuais (1/2, 1/3, 1/4, 1/5, 1/10 e 1/100)",sim,AF,EF04MA07,"• Ler e representar frações unitárias usando diferentes recursos.
• Representar frações na reta numérica.
• Comparar e ordenar frações com mesmo denominador.","CE: 3
CG: 1 e 4",EF04MA10,"Frações unitárias são frações cujo numerador é igual a 1 e podem consistir num bom recurso para que os alunos compreendam a fração como sendo parte de um todo ou de um inteiro. Por exemplo, ao afirmar que 1/4 é o resultado da divisão equitativa de um inteiro em 4 partes, implica em saber que a fração 1/4 pode ser utilizada como unidade para medir o próprio inteiro (neste caso 1/4 cabe 4 vezes em um inteiro). Um recurso muito interessante, nesse caso, é usar a reta numérica para representar as relações entre o inteiro e suas partes. As diferentes representações da fração (desenho, esquema, numérica e escrita) podem ser exploradas para o desenvolvimento desta habilidade, assim como a compreensão dos termos da fração. Neste último caso, o denominador ""dá o nome a cada parte"" da fração, ou seja, indica em quantas partes o inteiro foi dividido, enquanto o numerador indica o ""número de partes"" que serão consideradas."
EF04MA10,Ensino Fundamental,04,,Matemática,10,Reconhecer que as regras do sistema de numeração decimal podem ser estendidas para a representação decimal de um número racional e relacionar décimos e centésimos com a representação do sistema monetário brasileiro.,Números,Números racionais: representação decimal para escrever valores do sistema monetário brasileiro,,,,,,,
EF04MA11,Ensino Fundamental,04,,Matemática,11,Identificar regularidades em sequências numéricas compostas por múltiplos de um número natural.,Álgebra,Sequência numérica recursiva formada por múltiplos de um número natural,,,,,,,
EF04MA12,Ensino Fundamental,04,,Matemática,12,"Reconhecer, por meio de investigações, que há grupos de números naturais para os quais as divisões por um determinado número resultam em restos iguais, identificando regularidades.",Álgebra,Sequência numérica recursiva formada por números que deixam o mesmo resto ao ser divididos por um mesmo número natural diferente de zero,,,,,,,
EF04MA13,Ensino Fundamental,04,,Matemática,13,"Reconhecer, por meio de investigações, utilizando a calculadora quando necessário, as relações inversas entre as operações de adição e de subtração e de multiplicação e de divisão, para aplicá-las na resolução de problemas.",Álgebra,Relações entre adição e subtração e entre multiplicação e divisão,,,,,,,
EF04MA14,Ensino Fundamental,04,,Matemática,14,"Reconhecer e mostrar, por meio de exemplos, que a relação de igualdade existente entre dois termos permanece quando se adiciona ou se subtrai um mesmo número a cada um desses termos.",Álgebra,Propriedades da igualdade,,,,,,,
EF04MA15,Ensino Fundamental,04,,Matemática,15,Determinar o número desconhecido que torna verdadeira uma igualdade que envolve as operações fundamentais com números naturais.,Álgebra,Propriedades da igualdade,sim,AF,EF03MA05,"• Reconhecer o sentido de equivalência no sinal da igualdade.
• Investigar a propriedade da igualdade em que, ao somar ou subtrair um mesmo número a cada um dos termos, a igualdade permanece.","CE: 3 e 4
CG: 4",EF04MA05,"Para que o aluno consiga determinar qual número desconhecido torna uma igualdade verdadeira, é necessário que ele, previamente, consiga estabelecer relações entre as operações envolvidas, sobretudo com o sinal que expressa a equivalência entre as sentenças. Por exemplo, para que ele consiga descobrir o número que torna a sentença ? + 7 = 15 - 2, é importante que ele saiba identificar que a expressão à esquerda do sinal de igual é uma adição, que a expressão à direita do sinal de igual representa uma subtração e que os resultados de ambas são iguais. Outro conceito importante previsto por esta habilidade refere-se ao princípio aditivo das igualdades, o qual afirma que adicionando o mesmo valor em ambos membros de uma igualdade, a relação de igualdade se mantém inalterada. No exemplo dado, temos que se 6 + 7 = 15 - 2, adicionando 10 unidades em ambos os membros, a expressão obtida continua representando uma igualdade 6 + 7 + 10 = 15 - 2 + 10."
EF04MA16,Ensino Fundamental,04,,Matemática,16,"Descrever deslocamentos e localização de pessoas e de objetos no espaço, por meio de malhas quadriculadas e representações como desenhos, mapas, planta baixa e croquis, empregando termos como direita e esquerda, mudanças de direção e sentido, intersecção, transversais, paralelas e perpendiculares.",Geometria,"Localização e movimentação: pontos de referência, direção e sentido Paralelismo e perpendicularismo",,,,,,,
EF04MA17,Ensino Fundamental,04,,Matemática,17,"Associar prismas e pirâmides a suas planificações e analisar, nomear e comparar seus atributos, estabelecendo relações entre as representações planas e espaciais.",Geometria,"Figuras geométricas espaciais (prismas e pirâmides): reconhecimento, representações, planificações e características",sim,AF,EF03MA14,"• Reconhecer prismas e pirâmides, sabendo diferenciá-los por meio de seus atributos.
• Reconhecer faces, vértices e arestas em prismas e pirâmides.
• Construir e reconhecer planificações de prismas e pirâmides.
• Diferenciar figuras planas e espaciais.","CE: 3 e 5
CG: 3 e 4",EF04MA16,"O trabalho com esta habilidade pode envolver gravuras, pinturas e esculturas, usando sólidos geométricos ou polígonos, os quais contêm muitos estímulos visuais. Quando problematizadas, elas podem auxiliar tanto o desenvolvimento de um senso estético quanto propiciar que os alunos vejam a criação que envolve a matemática, identificando uma das muitas relações que essa área apresenta em situações da vida. Aplicativos de computador e softwares de geometria dinâmica permitem resolver problemas de representação e construção de polígonos, ajudando na compreensão de suas propriedades. Uma das noções mais importantes, a de ângulos, deve ser mantida com esta habilidade."
EF04MA18,Ensino Fundamental,04,,Matemática,18,"Reconhecer ângulos retos e não retos em figuras poligonais com o uso de dobraduras, esquadros ou softwares de geometria.",Geometria,"Ângulos retos e não retos: uso de dobraduras, esquadros e softwares",sim,AF,EF03MA15,"• Associar ângulo a um movimento de giro ou mudança de direção.
• Classificar figuras em polígonos e não polígonos.
• Associar polígonos às suas características.
• Identificar ângulos retos em polígonos de modos diversos (dobradura, esquadro ou softwares).","CE: 3 e 5
CG: 3, 4 e 5",EF04MA19,"Para que o aluno consiga reconhecer ângulos (retos ou não retos) em figuras poligonais, é necessário que ele compreenda, inicialmente, que os lados que incidem sobre um determinado vértice de um polígono delimitam uma região no plano cuja abertura pode ser medida através de um ângulo. Usar instrumentos de medidas, como o esquadro para sobrepor aos ângulos do polígono ou realizar dobraduras para comparar tais ângulos, favorece o desenvolvimento desta habilidade. Outro fator importante, previsto nesta habilidade, implica na percepção de ângulo como mudanças de direção decorrentes de giros. Dessa maneira, o aluno pode compreender que, efetuando quatro giros correspondentes ao ângulo reto, ele efetua uma volta completa, retornando à posição de origem. A utilização de softwares para exploração de movimentações de personagens pode auxiliar no desenvolvimento deste conceito."
EF04MA19,Ensino Fundamental,04,,Matemática,19,"Reconhecer simetria de reflexão em figuras e em pares de figuras geométricas planas e utilizá-la na construção de figuras congruentes, com o uso de malhas quadriculadas e de softwares de geometria.",Geometria,Simetria de reflexão,,,,,,,
EF04MA20,Ensino Fundamental,04,,Matemática,20,"Medir e estimar comprimentos (incluindo perímetros), massas e capacidades, utilizando unidades de medida padronizadas mais usuais, valorizando e respeitando a cultura local.",Grandezas e medidas,"Medidas de comprimento, massa e capacidade: estimativas, utilização de instrumentos de medida e de unidades de medida convencionais mais usuais",sim,AF,EF03MA19                           EF03MA20,"• Identificar a unidade de medida mais adequada para realizar uma medição.
• Fazer estimativa de medição.
• Resolver problemas envolvendo medidas de comprimento (incluindo perímetros), de massa e de capacidade.","CE: 3 e 4
CG: 1 e 4","EF04MA19
EF04MA21","Esta habilidade retoma o trabalho desenvolvido nos anos anteriores (ver EF03MA19) que envolvem medições de comprimentos, trazendo consigo a possibilidade de o aluno calcular perímetros de figuras e espaços. Explorar diferentes tipos de figuras, que não sejam apenas polígonos, é uma boa alternativa para que o aluno compreenda que o perímetro é a medida do contorno de uma figura ou espaço. Utilizar material de apoio, como linhas, barbantes ou cordas com o intuito de retificar a circunferência e, assim, medir seu perímetro, é uma sugestão interessante neste caso. O importante é levar o aluno a compreender que o entorno no qual vive pode ser mensurado a partir desta e outros tipos de estratégias."
EF04MA21,Ensino Fundamental,04,,Matemática,21,"Medir, comparar e estimar área de figuras planas desenhadas em malha quadriculada, pela contagem dos quadradinhos ou de metades de quadradinho, reconhecendo que duas figuras com formatos diferentes podem ter a mesma medida de área.",Grandezas e medidas,Áreas de figuras construídas em malhas quadriculadas,,,,,,,
EF04MA22,Ensino Fundamental,04,,Matemática,22,"Ler e registrar medidas e intervalos de tempo em horas, minutos e segundos em situações relacionadas ao seu cotidiano, como informar os horários de início e término de realização de uma tarefa e sua duração.",Grandezas e medidas,"Medidas de tempo: leitura de horas em relógios digitais e analógicos, duração de eventos e relações entre unidades de medida de tempo",sim,AF,EF03MA23,"• Relacionar hora, minuto e segundo.
• Fazer estimativa de duração de intervalos de tempo em horas, minutos e segundos.
• Resolver problemas que envolvam noção de duração do tempo em hora, minuto e segundo.","CE: 3 e 6
CG: 1 e 4",,"Esta habilidade amplia o trabalho previsto na habilidade EF03MA23, pois enquanto na habilidade do 3º ano o foco se restringia à leitura e interpretação de horas em relógios (analógicos e digitais), agora o objetivo principal é levar o aluno a determinar o tempo decorrido entre dois instantes de tempo (inicial e final). Este tipo de habilidade envolve uma base de contagem diferente daquela com a qual o aluno está habituado, pois as unidades de medida de tempo se agrupam de acordo com a base 60. Situações que delimitam a execução de uma tarefa pode ser um bom subsídio para o desenvolvimento desta habilidade. Espera-se fluência até o final do ano na leitura de horas em relógios analógicos, relacionando hora e minuto."
EF04MA23,Ensino Fundamental,04,,Matemática,23,"Reconhecer temperatura como grandeza e o grau Celsius como unidade de medida a ela associada e utilizá-lo em comparações de temperaturas em diferentes regiões do Brasil ou no exterior ou, ainda, em discussões que envolvam problemas relacionados ao aquecimento global.",Grandezas e medidas,Medidas de temperatura em grau Celsius: construção de gráficos para indicar a variação da temperatura (mínima e máxima) medida em um dado dia ou em uma semana,,,,,,,
EF04MA24,Ensino Fundamental,04,,Matemática,24,"Registrar as temperaturas máxima e mínima diárias, em locais do seu cotidiano, e elaborar gráficos de colunas com as variações diárias da temperatura, utilizando, inclusive, planilhas eletrônicas.",Grandezas e medidas,Medidas de temperatura em grau Celsius: construção de gráficos para indicar a variação da temperatura (mínima e máxima) medida em um dado dia ou em uma semana,,,,,,,
EF04MA25,Ensino Fundamental,04,,Matemática,25,"Resolver e elaborar problemas que envolvam situações de compra e venda e formas de pagamento, utilizando termos como troco e desconto, enfatizando o consumo ético, consciente e responsável.",Grandezas e medidas,Problemas utilizando o sistema monetário brasileiro,,,,,,,
EF04MA26,Ensino Fundamental,04,,Matemática,26,"Identificar, entre eventos aleatórios cotidianos, aqueles que têm maior chance de ocorrência, reconhecendo características de resultados mais prováveis, sem utilizar frações.",Probabilidade e estatística,Análise de chances de eventos aleatórios,sim,AF,,"• Classificar resultados de eventos cotidianos aleatórios como prováveis, pouco prováveis ou improváveis.
• Conduzir experimentos aleatórios simples para identificar um conjunto de respostas possíveis de um evento.",CA: 2 e 4,,"Para que o aluno seja capaz de identificar, em eventos aleatórios cotidianos, aquele que tem a maior chance de ocorrer, é necessário que ele conheça características dos resultados mais prováveis. Em outras palavras, ele deve reconhecer que dentre todas as possibilidades de ocorrência de um evento, aquele que apresenta uma maior frequência é o que tem maior chance de ocorrer. Um exemplo de expectativa de aprendizagem relativa a esta habilidade consiste em analisar a soma obtida no lançamento de dois dados. Através da investigação, o aluno deve verificar que dentre as 36 possíveis somas (6 x 6 = 36), existem algumas cujo resultado é mais frequente. Dos resultados possíveis (2, 3, 4, 5, 6, 7, 8, 9, 10, 11 e 12), ele pode verificar que a soma 7 é mais frequente do que a soma 2, pois enquanto a primeira apresenta 6 possibilidades de ocorrência (1+6, 2+5, 3+4, 4+3, 5+2, 6+1), a segunda possui apenas 1 possibilidade (1+1). Isto quer dizer que obter a soma 7 no lançamento de dois dados é ""mais provável"" que obter a soma 2. Note que durante o processo de investigação não houve necessidade da utilização de frações, condição solicitada na habilidade."
EF04MA27,Ensino Fundamental,04,,Matemática,27,"Analisar dados apresentados em tabelas simples ou de dupla entrada e em gráficos de colunas ou pictóricos, com base em informações das diferentes áreas do conhecimento, e produzir texto com a síntese de sua análise.",Probabilidade e estatística,"Leitura, interpretação e representação de dados em tabelas de dupla entrada, gráficos de colunas simples e agrupadas, gráficos de barras e colunas e gráficos pictóricos",sim,AF,EF03MA27,"• Ler e analisar gráficos em barras simples ou múltiplas com e sem recurso tecnológico.
• Ler e analisar tabelas simples e de dupla entrada.
• Produzir textos baseados na análise de dados contidos em gráficos e tabelas.","CE: 1, 2 e 6
CG: 4 e 7","EF04MA23
EF04MA24","Esta habilidade retoma e amplia o trabalho proposto na habilidade EF03MA27, incluindo representações através de pictogramas (gráficos elaborados com apoio de figuras). Pressupõe-se que ao desenvolver esta habilidade o aluno já tenha tido algum tipo de contato com a análise e interpretação de gráficos e que seja possibilitado a escrita das conclusões por ele elaboradas a partir da análise do gráfico."
EF04MA28,Ensino Fundamental,04,,Matemática,28,"Realizar pesquisa envolvendo variáveis categóricas e numéricas e organizar dados coletados por meio de tabelas e gráficos de colunas simples ou agrupadas, com e sem uso de tecnologias digitais.",Probabilidade e estatística,"Diferenciação entre variáveis categóricas e variáveis numéricas Coleta, classificação e representação de dados de pesquisa realizada",sim,AF,"EF03MA28
EF04MA27","• Identificar um problema a ser pesquisado, selecionar a amostra da população a ser investigada, organizar a forma de abordá‑lo, de coletar e organizar e representar dados (variáveis categóricas e numéricas), usando o meio mais adequado para isso com e sem o uso de tecnologias digitais.
• Construir gráficos de barras simples ou múltiplas, ou tabelas simples ou de dupla entrada com base em dados coletados e organizados na pesquisa.","CE: 1, 2, 4, 5 e 6  CG: 2, 4, 5, 7 e 10","EF04MA23
EF04MA24","Eesta habilidade retoma o trabalho previsto na habilidade EF03MA28 com a inclusão das variáveis quantitativas (além das variáveis categóricas/qualitativas). Como o próprio nome pressupõe, as variáveis quantitativas são aquelas nas quais há a possibilidade de serem representadas através de números, sejam estes referentes a quantidades ou a medidas. O trabalho envolvendo as etapas do método estatístico (elaboração de hipótese, coleta, tratamento de dados, apresentação e conclusão) continua evidenciado na habilidade, desde que os temas sejam relevantes ao interesse dos alunos."
EF05CI01,Ensino Fundamental,05,,Ciências,01,"Explorar fenômenos da vida cotidiana que evidenciem propriedades físicas dos materiais – como densidade, condutibilidade térmica e elétrica, respostas a forças magnéticas, solubilidade, respostas a forças mecânicas (dureza, elasticidade etc.), entre outras.",Matéria e energia,Ciclo hidrológico,sim,AF,"EF01CI01, EF02CI01 e EF04CI02","• Relacionar propriedades físicas dos materiais com fenômenos da vida cotidiana.
• Investigar o comportamento das propriedades físicas dos materiais.
• Elaborar explicações para fenômenos da vida cotidiana com base nas propriedades físicas dos materiais.","CE: 2 e 5
CG: 1 e 2",,"Esta habilidade envolve investigar, identificar, descrever, diferenciar e comparar, selecionando informações observáveis sobre as propriedades físicas dos materiais.  Pode ser desenvolvida por análise de situações cotidianas dos estudantes, por exemplo: o funcionamento do ímã de geladeira; o porquê do uso de alguns materiais por conta das suas propriedades, como vidro e plástico em utensílios domésticos e do cobre e da borracha em fiações. Pode ser elaborada uma lista de associação do uso dos materiais em objetos utilizados no cotidiano com suas propriedades físicas. Pode-se propor experimentos para verificar como diversos materiais podem ser classificados segundo suas propriedades físicas. Um aprofundamento importante é a observação da ocorrência ou não de alteração da composição química durante o teste."
EF05CI02,Ensino Fundamental,05,,Ciências,02,"Aplicar os conhecimentos sobre as mudanças de estado físico da água para explicar o ciclo hidrológico e analisar suas implicações na agricultura, no clima, na geração de energia elétrica, no provimento de água potável e no equilíbrio dos ecossistemas regionais (ou locais).",Matéria e energia,Reciclagem,sim,AF,,"• Nomear as mudanças de estado físico da água que ocorrem no ciclo hidrológico.
• Identificar fatores que podem interferir no ciclo hidrológico.
• Relatar as transformações que ocorrem no ciclo hidrológico na Terra.
• Analisar as implicações do ciclo hidrológico na geração de energia elétrica, no provimento de água potável e no equilíbrio dos ecossistemas regionais (ou locais).","CE: 5 e 8
CG: 2 e 10","EF05CI03, EF05CI04 e EF05CI05","O tema se relaciona ao Objetivo de Desenvolvimento Sustentável (ODS) 6, que trata do uso da água e do saneamento básico. O estudante deve identificar os estados físicos da água e reconhecer os processos de mudança de estado. Nesse sentido, pode-se propor ao aluno identificar e elaborar diagramas que ilustram o ciclo da água representando elementos do ambiente em que vive. Experimentos simples, como a criação de um terrário em um vaso de vidro, podem ajudar a observar o ciclo, para então associar essa relação a outras situações que envolvem o uso da água, como plantio e geração de energia. Como complementação, podem ser identificadas as ações humanas que geram impacto no ciclo da água e discutidas as consequências da intervenção humana ao produzir energia elétrica."
EF05CI03,Ensino Fundamental,05,,Ciências,03,"Selecionar argumentos que justifiquem a importância da cobertura vegetal para a manutenção do ciclo da água, a conservação dos solos, dos cursos de água e da qualidade do ar atmosférico.",Matéria e energia,Reciclagem,,,,,,,
EF05CI04,Ensino Fundamental,05,,Ciências,04,Identificar os principais usos da água e de outros materiais nas atividades cotidianas para discutir e propor formas sustentáveis de utilização desses recursos.,Matéria e energia,Reciclagem,,,,,,,
EF05CI05,Ensino Fundamental,05,,Ciências,05,Construir propostas coletivas para um consumo mais consciente e criar soluções tecnológicas para o descarte adequado e a reutilização ou reciclagem de materiais consumidos na escola e/ou na vida cotidiana.,Matéria e energia,Reciclagem,,,,,,,
EF05CI06,Ensino Fundamental,05,,Ciências,06,"Selecionar argumentos que justifiquem por que os sistemas digestório e respiratório são considerados corresponsáveis pelo processo de nutrição do organismo, com base na identificação das funções desses sistemas.",Vida e evolução,Hábitos alimentares,sim,AF,EF04CI04,"• Identificar os órgãos e as estruturas envolvidos nos sistemas digestório e respiratório e explicar suas funções.
• Explicar o funcionamento dos sistemas digestório e respiratório.
• Relacionar o funcionamento dos sistemas digestório e respiratório com a nutrição do organismo.","CE: 3
CG: 2 e 8",EF05CI07,"É fundamental promover a compreensão das relações entre esses dois sistemas de modo que o estudante consiga descrever o funcionamento e identificar a importância dos sistemas digestório e respiratório para o processo de nutrição do organismo, além de descrever os processos mecânicos e químicos envolvidos nas suas funções. Desenhos, diagramas, modelos e animações podem ser utilizados para facilitar a observação das partes e das funções de cada sistema no processo de nutrição do organismo. É possível , ainda, explorar esses sistemas quanto à sua relação com o metabolismo, como identificar o caminho percorrido pelo alimento no sistema digestório ou o caminho percorrido pelo gás oxigênio no sistema respiratório."
EF05CI07,Ensino Fundamental,05,,Ciências,07,"Justificar a relação entre o funcionamento do sistema circulatório, a distribuição dos nutrientes pelo organismo e a eliminação dos resíduos produzidos.",Vida e evolução,"Integração entre os sistemas digestório, respiratório e circulatório",,,,,,,
EF05CI08,Ensino Fundamental,05,,Ciências,08,"Organizar um cardápio equilibrado com base nas características dos grupos alimentares (nutrientes e calorias) e nas necessidades individuais (atividades realizadas, idade, sexo etc.) para a manutenção da saúde do organismo.",Vida e evolução,"Integração entre os sistemas digestório, respiratório e circulatório",sim,AF,EF04CI04 e EF05CI06,"• Nomear grupos alimentares presentes em um cardápio.
• Relacionar as necessidades individuais na elaboração de um cardápio equilibrado.
• Elaborar propostas de cardápio equilibrado para a manutenção da saúde do organismo.","CE: 7
CG: 2 e 8",EF05CI09,"O tema dessa habilidade pode servir de contexto para explorar com os estudantes os ODS 2 e 3, sobre a erradicação da fome e a saúde, respectivamente. Organizar, nesta habilidade, envolve selecionar, listar e classificar os alimentos relacionando-os à quantidade de vitaminas, minerais, lipídeos e carboidratos. Os estudantes podem elaborar cardápios diários de acordo com as necessidades nutricionais, tendo a pirâmide alimentar como referência. Indica-se também identificar e comparar doenças relativas ao excesso ou carência de nutrientes e de calorias."
EF05CI09,Ensino Fundamental,05,,Ciências,09,"Discutir a ocorrência de distúrbios nutricionais (como obesidade, subnutrição etc.) entre crianças e jovens a partir da análise de seus hábitos (tipos e quantidade de alimento ingerido, prática de atividade física etc.).",Vida e evolução,"Integração entre os sistemas digestório, respiratório e circulatório",,,,,,,
EF05CI10,Ensino Fundamental,05,,Ciências,10,"Identificar algumas constelações no céu, com o apoio de recursos (como mapas celestes e aplicativos digitais, entre outros), e os períodos do ano em que elas são visíveis no início da noite.",Terra e Universo,Movimento de rotação da Terra,,,,,,,
EF05CI11,Ensino Fundamental,05,,Ciências,11,Associar o movimento diário do Sol e das demais estrelas no céu ao movimento de rotação da Terra.,Terra e Universo,Instrumentos óticos,sim,AF,"EF02CI07, EF03CI08 e EF04CI09","• Observar a posição das estrelas no céu em diferentes horários, explicando o movimento relativo desses astros no céu.
• Relacionar o movimento de rotação da Terra com o movimento relativo das estrelas no céu, inclusive o Sol.
• Explicar as diferentes posições em que o Sol é observado diariamente com base na rotação da Terra.","CE: 3
CG: 2",EF05CI10 e EF05CI13,"Esta habilidade envolve reconhecer e explicar os movimentos de rotação e translação no sistema Sol, Terra e Lua. O aluno deve identificar evidências da rotação da Terra, que podem ser observadas pelo movimento diário da posição do Sol e das estrelas e na projeção de sombras. Se possível, os estudantes devem fazer observações, registros e descrições dos movimentos, e, com os dados obtidos, pesquisar propriedades e características dos astros. Recursos digitais, como aplicativos e simuladores, podem ser empregados para facilitar essa observação. Também é possível enriquecer as habilidades identificando aspectos culturais influenciados pela rotação da Terra, como as escalas de tempo na agricultura ou na vida humana."
EF05CI12,Ensino Fundamental,05,,Ciências,12,"Concluir sobre a periodicidade das fases da Lua, com base na observação e no registro das formas aparentes da Lua no céu ao longo de, pelo menos, dois meses.",Terra e Universo,Instrumentos óticos,sim,AF,"EF02CI07, EF03CI08, EF04CI09 e EF05CI11","• Identificar as fases da Lua.
• Relatar as formas aparentes da Lua no céu.
• Relacionar as fases da Lua com o calendário.
• Concluir que existe uma periodicidade das fases da Lua.","CE: 2 e 3
CG: 2",EF05CI10 e EF05CI13,"Concluir implica observar, identificar, relatar e discutir os movimentos que dão origem às fases da Lua, ilustrando na escala de tempo os horários em que ela é observável e quando deixa de ser. Além de registrar e identificar as fases da Lua observadas durante dois meses, os alunos podem associar as fases da Lua com os ciclos de rotação e translação do sistema Sol, Terra e Lua, assim como reconhecer sua periodicidade e sua influência na marcação de tempo terrestre. Relacionar as fases ao calendário e usar diagramas podem ajudar no desenvolvimento dessa habilidade."
EF05CI13,Ensino Fundamental,05,,Ciências,13,"Projetar e construir dispositivos para observação à distância (luneta, periscópio etc.), para observação ampliada de objetos (lupas, microscópios) ou para registro de imagens (máquinas fotográficas) e discutir usos sociais desses dispositivos.",Terra e Universo,Instrumentos óticos,,,,,,,
EF05ER01,Ensino Fundamental,05,,Ensino Religioso,01,Identificar e respeitar acontecimentos sagrados de diferentes culturas e tradições religiosas como recurso para preservar a memória.,Crenças religiosas e filosofias de vida,Narrativas religiosas,,,,,,,
EF05ER02,Ensino Fundamental,05,,Ensino Religioso,02,Identificar mitos de criação em diferentes culturas e tradições religiosas.,Crenças religiosas e filosofias de vida,Mitos nas tradições religiosas,,,,,,,
EF05ER03,Ensino Fundamental,05,,Ensino Religioso,03,"Reconhecer funções e mensagens religiosas contidas nos mitos de criação (concepções de mundo, natureza, ser humano, divindades, vida e morte).",Crenças religiosas e filosofias de vida,Mitos nas tradições religiosas,,,,,,,
EF05ER04,Ensino Fundamental,05,,Ensino Religioso,04,Reconhecer a importância da tradição oral para preservar memórias e acontecimentos religiosos.,Crenças religiosas e filosofias de vida,Ancestralidade e tradição oral,,,,,,,
EF05ER05,Ensino Fundamental,05,,Ensino Religioso,05,"Identificar elementos da tradição oral nas culturas e religiosidades indígenas, afro-brasileiras, ciganas, entre outras.",Crenças religiosas e filosofias de vida,Ancestralidade e tradição oral,,,,,,,
EF05ER06,Ensino Fundamental,05,,Ensino Religioso,06,Identificar o papel dos sábios e anciãos na comunicação e preservação da tradição oral.,Crenças religiosas e filosofias de vida,Ancestralidade e tradição oral,,,,,,,
EF05ER07,Ensino Fundamental,05,,Ensino Religioso,07,"Reconhecer, em textos orais, ensinamentos relacionados a modos de ser e viver.",Crenças religiosas e filosofias de vida,Ancestralidade e tradição oral,,,,,,,
EF05GE01,Ensino Fundamental,05,,Geografia,01,"Descrever e analisar dinâmicas populacionais na Unidade da Federação em que vive, estabelecendo relações entre migrações e condições de infraestrutura.",O sujeito e seu lugar no mundo,Dinâmica populacional,sim,AF,,"• Analisar dados demográficos do Brasil, interpretando quadros, gráficos e mapas.
• Analisar os principais fluxos de migração externa e interna no Brasil ao longo do tempo e os desafios enfrentados pelos migrantes no local de destino.
• Reconhecer diferenças étnico-raciais e étnico-culturais da população brasileira e aspectos das desigualdades sociais e regionais no Brasil.","CG: 1 e 9
CA: 3 e 7
CE: 3, 5 e 7","AC:
- EF05GE02: pode ser desenvolvida junto à AF.
AF:
- EF05HI01: amplia o conhecimento da AF.
- EF05HI07: amplia o conhecimento da AF.","A partir dessa habilidade, é possível desenvolver um trabalho com análise de dados demográficos, tomando como referência a realidade brasileira e o espaço de vivência dos estudantes .Para isso, sugere-se um projeto interdisciplinar com o componente Matemática de leitura numérica de porcentagem (EF05MA06) e/ou interpretação de dados estatísticos apresentados em textos, tabelas e gráficos (EF05MA24). Além de dados relativos ao crescimento e à composição etária e étnico-racial da população do Brasil, é possível propor atividades relacionadas  à desigualdade social e regional do país e refletir sobre suas razões e formas de atenuá-las. Pode-se realizar essa análise, por exemplo, com base em dados educacionais, renda salarial, disparidade de rendimento entre homens e mulheres, acesso a saneamento, moradia ou alfabetização, entre outros. Também vale dar ênfase à temática da migração,  analisando os fluxos externos e internos de migrantes na Unidade da Federação onde vivem os estudantes. Essa habilidade permite aproximação com os temas contemporâneos transversais  diversidade cultural e processo de envelhecimento, respeito e valorização do idoso.
A fim de valorizar a multiculturalidade da população brasileira, pode ser realizado também um trabalho conjunto com o componente História sobre o papel das culturas na composição identitária dos grupos e povos (habilidades EF05HI01 e EF05HI07)."
EF05GE02,Ensino Fundamental,05,,Geografia,02,Identificar diferenças étnico-raciais e étnico-culturais e desigualdades sociais entre grupos em diferentes territórios.,O sujeito e seu lugar no mundo,Diferenças étnico-raciais e étnico-culturais e desigualdades sociais,,,,,,,
EF05GE03,Ensino Fundamental,05,,Geografia,03,"Identificar as formas e funções das cidades e analisar as mudanças sociais, econômicas e ambientais provocadas pelo seu crescimento.",Conexões e escalas,"Território, redes e urbanização",sim,AF,,"• Reconhecer formas urbanas brasileiras a partir da diferenciação das características espaciais de cidades espontâneas e planejadas.
• Apontar razões para o acelerado crescimento urbano no Brasil que ocasionam mudanças rápidas na paisagem das cidades.
• Indicar distintas funções das cidades e hierarquias urbanas.
• Identificar problemas ambientais que ocorrem no espaço urbano do município onde vive, apresentando soluções para atenuá-los junto a órgãos do poder público.","CG: 1 e 7
CE: 3 e 5
CA: 3, 5 e 7","AF:
- EF05GE08: pode ser desenvolvida junto à AF.
- EF05GE09: pode ser desenvolvida junto à AF.
- EF05HI01: amplia o conhecimento da AF.
- EF05HI07: amplia o conhecimento da AF.
AC:
- EF05GE12:  amplia o conhecimento da AF.","O desenvolvimento dessa habilidade permite identificar características, formas e funções das cidades no Brasil. Esse tema será retomado no próximo ano a partir da análise  das origens dessa importante forma de organização espacial. Nesse momento, importa promover a introdução de atividades que evidenciem que a maior parte das cidades brasileiras surge de modo espontâneo, não planejadas, podendo ter multiplas funções urbanas (ex: político-administrativa, portuária, religiosa, industrial e turística). Vale desenvolver atividades que evidenciem que as cidades estão interconectadas com o campo e outras cidades a partir de redes, o que possibilita começar a desenvolver os princípios do raciocínio geográfico como conexão e ordem. É possível ainda, estabelecer análises de classificação dessa rede urbana e sua hierarquia utilizando os critérios do IBGE (grande metrópole nacional, metrópole nacional, metrópole, capital regional e centro regional).
Já a análise das mudanças rápidas nas paisagens das cidades brasileiras pode enveredar para uma abordagem conjunta com o componente de História no trabalho de análise de aspectos socioculturais relacionados com o espaço geográfico ocupado (EF05HI01) e na  identificação da permanência dos marcos de memória em cidades com crescimento acelerado. (EF05HI07). Essa habilidade permite abordar o ODS  11."
EF05GE04,Ensino Fundamental,05,,Geografia,04,Reconhecer as características da cidade e analisar as interações entre a cidade e o campo e entre cidades na rede urbana.,Conexões e escalas,"Território, redes e urbanização",,,,,,,
EF05GE05,Ensino Fundamental,05,,Geografia,05,"Identificar e comparar as mudanças dos tipos de trabalho e desenvolvimento tecnológico na agropecuária, na indústria, no comércio e nos serviços.",Mundo do trabalho,Trabalho e inovação tecnológica,,,,,,,
EF05GE06,Ensino Fundamental,05,,Geografia,06,Identificar e comparar transformações dos meios de transporte e de comunicação.,Mundo do trabalho,Trabalho e inovação tecnológica,sim,AF,,"• Identificar mudanças nos meios de transporte e comunicação ao longo do tempo.
• Comparar características e principais vantagens e desvantagens dos transportes (rodoviário, aquaviário e aeroviário) em relação ao deslocamento de mercadorias e de pessoas.
• Analisar impactos ambientais do uso de diferentes meios de transporte.
• Refletir sobre os cuidados na utilização de meios de comunicação.","CG: 1 e 2
CA: 1 e 4
CE: 2, 3 e 5","AF:
- EF05GE09: pode ser desenvolvida junto à AF.
- EF05HI07: amplia o conhecimento da AF.","O desenvolvimento dessa habilidade permite reconhecer que toda localidade se inter-relaciona, a partir de um sistema de redes, com outras localidades. Isso é possível devido a existência de meios, tecnologias e infraestruturas ligadas aos setores de transporte e de comunicação, ou seja, os meios de transporte e de comunicação permitem conectar localidades, promovendo maior dinamismo econômico e intercâmbio cultural. Vale propor ações para o estudante reconhecer características e finalidades de diversos meios de transporte e comunicação e suas mudanças ao longo do tempo (a partir de uma análise do mundo do trabalho e dos avanços tecnológicos), além de suas próprias vivências. Em relação aos meios de transporte, importa avaliar com os estudantes os impactos ambientais decorrentes das suas fontes energéticas ou do derramamento de suas cargas (a exemplo do óleo em navios que podem ocasionar o fenômeno das marés negras).  Já em relação aos meios de comunicação, é essencial propor atividades nas quais os alunos reconheçam que as Tecnologias de Informação e Comunicação (TICs) não são ainda acessíveis para grande parcela da população, e que é preciso se ter uma série de cuidados nos seus usos, principalmente via internet.
Pode-se realizar ainda, um trabalho conjunto com o componente História na análise de linguagens usadas nos meios de comunicação ao longo do tempo e seus significados socioculturais. (EF05HI07)."
EF05GE07,Ensino Fundamental,05,,Geografia,07,"Identificar os diferentes tipos de energia utilizados na produção industrial, agrícola e extrativa e no cotidiano das populações.",Mundo do trabalho,Trabalho e inovação tecnológica,,,,,,,
EF05GE08,Ensino Fundamental,05,,Geografia,08,"Analisar transformações de paisagens nas cidades, comparando sequência de fotografias, fotografias aéreas e imagens de satélite de épocas diferentes.",Formas de representação e pensamento espacial,Mapas e imagens de satélite,sim,AF/AC,EF04GE09 e EF04GE10,"• Analisar, por meio de fotografias, fotografias aéreas e imagens de satélite, mudanças na paisagem de cidades brasileiras.
• Analisar, por meio de fotografias aéreas e imagens de satélite, o avanço de manchas urbanas de municípios em antigas áreas rurais.","CG: 1 e 5
CA: 5 e 7
CE: 2, 3 e 4","AF:
- EF05GE03: pode ser desenvolvida junto à AF.
- EF05HI07: amplia o conhecimento da AF.","O desenvolvimento dessa habilidade relacionada à alfabetização cartográfica deve ser realizado juntamente com as habilidades relativas à alfabetização geográfica, visto que a cartografia é uma ferramenta essencial para as análises espaciais e o desenvolvimento do raciocínio geográfico dos estudantes. Tem como foco central promover a análise de questões relacionadas a transformações de paisagens nas cidades,  por meio da comparação registros fotograficos (sequência de fotografias, fotografias aéreas e imagens de satélite)  de épocas diferentes. É uma habilidade que abre a possibilidade de um trabalho conjunto com História sobre a temática das alterações de paisagens urbanas e marcos de memória (EF05HI07)."
EF05GE09,Ensino Fundamental,05,,Geografia,09,"Estabelecer conexões e hierarquias entre diferentes cidades, utilizando mapas temáticos e representações gráficas.",Formas de representação e pensamento espacial,Representação das cidades e do espaço urbano,sim,AF/AC,EF04GE09 e EF04GE10,"• Ler e interpretar plantas e mapas temáticos e representações gráficas sobre hierarquia urbana no Brasil.
• Ler e interpretar mapas temáticos e representações gráficas de conexões, fluxos de pessoas e de polarização entre cidades.","CG: 1 e 4
CA: 5 e 7
CE: 3 e 4","AF:
- EF05GE03: pode ser desenvolvida junto à AF.
- EF05GE06: amplia o conhecimento da AF.","O desenvolvimento dessa habilidade relacionada à alfabetização cartográfica deve ser realizado juntamente com as habilidades relativas à alfabetização geográfica. Tem como foco central promover a análise de questões urbanas, relacionadas a conexões e hierarquias, utilizando mapas temáticos e representações gráficas diversas.  Pode-se propor atividades a partir das quais se evidencie que muitas conexões são viabilizadas pelas infraestruturas de transporte e comunicação, conectando e transportanto pessoas, mercadorias e informações, critérios que organizam e caracterizam a rede e a hierarquia urbana de cidades e regiões brasileiras."
EF05GE10,Ensino Fundamental,05,,Geografia,10,"Reconhecer e comparar atributos da qualidade ambiental e algumas formas de poluição dos cursos de água e dos oceanos (esgotos, efluentes industriais, marés negras etc.).","Natureza, ambientes e qualidade de vida",Qualidade ambiental,,,,,,,
EF05GE11,Ensino Fundamental,05,,Geografia,11,"Identificar e descrever problemas ambientais que ocorrem no entorno da escola e da residência (lixões, indústrias poluentes, destruição do patrimônio histórico etc.), propondo soluções (inclusive tecnológicas) para esses problemas.","Natureza, ambientes e qualidade de vida",Diferentes tipos de poluição,,,,,,,
EF05GE12,Ensino Fundamental,05,,Geografia,12,"Identificar órgãos do poder público e canais de participação social responsáveis por buscar soluções para a melhoria da qualidade de vida (em áreas como meio ambiente, mobilidade, moradia e direito à cidade) e discutir as propostas implementadas por esses órgãos que afetam a comunidade em que vive.","Natureza, ambientes e qualidade de vida",Gestão pública da qualidade de vida,,,,,,,
EF05HI01,Ensino Fundamental,05,,História,01,"Identificar os processos de formação das culturas e dos povos, relacionando-os com o espaço geográfico ocupado.",Povos e culturas: meu lugar no mundo e meu grupo social,O que forma um povo: do nomadismo aos primeiros povos sedentarizados,sim,AF,EF04HI01,"• Levantar conhecimentos prévios sobre cultura, povo e espaço e registrá-los.
• Pesquisar o que é cultura e os critérios que definem um povo.
• Identificar e selecionar culturas e povos e analisar seu processo de formação e ocupação e delimitação de espaços geográficos.
• Analisar o papel das culturas e das religiões na composição identitária dos povos antigos.","CG: 1 e 2
CA: 1, 2 e 4
CE: 4 e 5","AC:
- EF05HI03: pode ser desenvolvida junto à AF.
AF:
- EF05GE01: amplia o conhecimento da AF.
- EF05GE03: amplia o conhecimento da AF.","Há a possibilidade de propor trabalhos com o componente Geografia, podendo estabelecer relação com o tema contemporâneo transversal diversidade cultural, articulando estas habilidades:
• EF05GE01: na identificação e análise do papel das culturas na composição identitária de grupos e povos.
• EF05GE03: na análise de aspectos socioculturais relacionados com o espaço geográfico ocupado.
Articulando as habilidades (EF05GE01) e (EF05GE03), por exemplo, é possível organizar pesquisas e/ou saídas de campo, que permitam ao estudante reconhecer o espaço histórico-geográfico também como um espaço sóciocultural. Importante o estudante perceber que a observação de diferentes espaços favorece o reconhecimento das diferentes composições identitárias e da diversidade cultural existentes nesses lugares de vivência. Proponha que os registros dessas observações sejam feitos com recursos gráficos, por exemplo, desenhos e, se possível, fotografias, os quais poderão ser reunidos em um “mosaico da diversidade”, dispostos em mapas dessas localidades ou espaços pesquisados e/ou observados."
EF05HI02,Ensino Fundamental,05,,História,02,Identificar os mecanismos de organização do poder político com vistas à compreensão da ideia de Estado e/ou de outras formas de ordenação social.,Povos e culturas: meu lugar no mundo e meu grupo social,As formas de organização social e política: a noção de Estado,,,,,,,
EF05HI03,Ensino Fundamental,05,,História,03,Analisar o papel das culturas e das religiões na composição identitária dos povos antigos.,Povos e culturas: meu lugar no mundo e meu grupo social,O papel das religiões e da cultura para a formação dos povos antigos,,,,,,,
EF05HI04,Ensino Fundamental,05,,História,04,"Associar a noção de cidadania com os princípios de respeito à diversidade, à pluralidade e aos direitos humanos.",Povos e culturas: meu lugar no mundo e meu grupo social,"Cidadania, diversidade cultural e respeito às diferenças sociais, culturais e históricas",sim,AF,"NÃO TEM
(INTRODUÇÃO AO TEMA)","• Construir os conceitos de cidadania, diversidade, pluralidade e direitos humanos.
• Associar o conceito de cidadania à conquista de direitos dos povos e das sociedades, compreendendo-o como conquista histórica.","CG: 1 e 10
CA: 1, 2, 4
CE: 2 e 5","AC:
- EF05HI05: pode ser desenvolvida junto à AF.","Como proposta de atividade prática, é sugerido ler coletivamente a cartilha Os Direitos Humanos, do Ziraldo, com o objetivo de reconhecer e sistematizar os aspectos principais dos conceitos de: cidadania, diversidade, pluralidade e direitos humanos. Pode-se propor também, a criação de um gibi ou uma carta coletiva que encerre direitos e deveres, em que os estudante, os professores e a comunidade escolar poderão fazer sugestões, defender seu ponto de vista e experimentar processos de votação, vivenciando, assim, uma articulação com o tema contemporâneo transversal educação em direitos humanos."
EF05HI05,Ensino Fundamental,05,,História,05,"Associar o conceito de cidadania à conquista de direitos dos povos e das sociedades, compreendendo-o como conquista histórica.",Povos e culturas: meu lugar no mundo e meu grupo social,"Cidadania, diversidade cultural e respeito às diferenças sociais, culturais e históricas",,,,,,,
EF05HI06,Ensino Fundamental,05,,História,06,"Comparar o uso de diferentes linguagens e tecnologias no processo de comunicação e avaliar os significados sociais, políticos e culturais atribuídos a elas.",Registros da história: linguagens e culturas,"O surgimento da escrita e a noção de fonte para a transmissão de saberes, culturas e histórias",,,,,,,
EF05HI07,Ensino Fundamental,05,,História,07,"Identificar os processos de produção, hierarquização e difusão dos marcos de memória e discutir a presença e/ou a ausência de diferentes grupos que compõem a sociedade na nomeação desses marcos de memória.",Registros da história: linguagens e culturas,"O surgimento da escrita e a noção de fonte para a transmissão de saberes, culturas e histórias",sim,AF,EF04HI01,"• Identificar formas de marcação da passagem do tempo em distintas sociedades, incluindo dos povos indígenas originários brasileiros e dos povos africanos.
• Comparar pontos de vista sobre temas que impactam a vida cotidiana no presente, por meio do acesso a diferentes fontes, incluindo orais.
• Inventariar os patrimônios materiais e imateriais da humanidade e analisar mudanças e permanências desses patrimônios ao longo do tempo.","CG: 1, 2 e 5
CA: 1, 4 e 5
CE: 4 e 6","AC:
- EF05HI08: pode ser desenvolvida junto à AF.
- EF05HI09: pode ser desenvolvida junto à AF.
- EF05HI10: pode ser desenvolvida junto à AF.
AF:
- EF05GE01: amplia o conhecimento da AF.
- EF05GE03: amplia o conhecimento da AF.
- EF05GE06: amplia o conhecimento da AF.
- EF05GE08: amplia o conhecimento da AF.","Há possibilidades de trabalho conjunto com o componente Geografia, por meio da articulação das seguintes habilidades, a saber:
• EF05GE01: na identificação e análise do papel das culturas na composição identitária dos grupos e povos, a fim de valorizar a multiculturalidade.
• EF05GE03: na identificação e análise sobre a permanência dos marcos de memória em cidades com crescimento acelerado.
• EF05GE06: na análise de linguagens usadas nos meios de comunicação ao longo do tempo e seus significados socioculturais.
• EF05GE08: na análise e comparação entre diferentes fontes e linguagens: fotografias, fotografias aéreas e imagens de satélite sobre alterações de paisagens urbanas e marcos de memória.
Articulando a habilidade (EF05GE03), por exemplo, é possível propor pesquisas e saídas de campo para museus e centros históricos municipais, orientando as observações, a partir das seguintes questões norteadoras: “O que é um marco de memória? Como os marcos de memória estão dispostos na cidade? Quais são os critérios para definir determinados marcos de memória como patrimônios históricos? Nestes marcos e patrimônios, quem são considerados ‘heróis’ locais e/ou nacionais? Por que outros povos, sobretudo indígenas e africanos, não têm o mesmo peso à memória nacional?” etc. A finalidade da atividade é conduzir o estudante para a problematização da relação entre espaço urbano e os marcos de memória e, por fim, identificar os silêncios e esquecimentos como seleção e escolhas intencionais.
Essas habilidades listadas permitem o desenvolvimento de temas contemporâneos transversais: diversidade cultural, ciência e tecnologia e trabalho."
EF05HI08,Ensino Fundamental,05,,História,08,"Identificar formas de marcação da passagem do tempo em distintas sociedades, incluindo os povos indígenas originários e os povos africanos.",Registros da história: linguagens e culturas,"O surgimento da escrita e a noção de fonte para a transmissão de saberes, culturas e histórias",,,,,,,
EF05HI09,Ensino Fundamental,05,,História,09,"Comparar pontos de vista sobre temas que impactam a vida cotidiana no tempo presente, por meio do acesso a diferentes fontes, incluindo orais.",Registros da história: linguagens e culturas,"O surgimento da escrita e a noção de fonte para a transmissão de saberes, culturas e histórias",,,,,,,
EF05HI10,Ensino Fundamental,05,,História,10,Inventariar os patrimônios materiais e imateriais da humanidade e analisar mudanças e permanências desses patrimônios ao longo do tempo.,Registros da história: linguagens e culturas,Os patrimônios materiais e imateriais da humanidade,,,,,,,
EF05LP01,Ensino Fundamental,05,,Língua Portuguesa,01,"Grafar palavras utilizando regras de correspondência fonema- -grafema regulares, contextuais e morfológicas e palavras de uso frequente com correspondências irregulares.",Análise linguística/semiótica (Ortografização),Construção do sistema alfabético e da ortografia,,,,,,,
EF05LP02,Ensino Fundamental,05,,Língua Portuguesa,02,"Identificar o caráter polissêmico das palavras (uma mesma palavra com diferentes significados, de acordo com o contexto de uso), comparando o significado de determinados termos utilizados nas áreas científicas com esses mesmos termos utilizados na linguagem usual.",Análise linguística/semiótica (Ortografização),Conhecimento do alfabeto do português do Brasil/Ordem alfabética/Polissemia,,,,,,,
EF05LP03,Ensino Fundamental,05,,Língua Portuguesa,03,"Acentuar corretamente palavras oxítonas, paroxítonas e proparoxítonas.",Análise linguística/semiótica (Ortografização),Conhecimento das diversas grafias do alfabeto/ Acentuação,,,,,,,
EF05LP04,Ensino Fundamental,05,,Língua Portuguesa,04,"Diferenciar, na leitura de textos, vírgula, ponto e vírgula, dois-pontos e reconhecer, na leitura de textos, o efeito de sentido que decorre do uso de reticências, aspas, parênteses.",Análise linguística/semiótica (Ortografização),Pontuação,,,,,,,
EF05LP05,Ensino Fundamental,05,,Língua Portuguesa,05,"Identificar a expressão de presente, passado e futuro em tempos verbais do modo indicativo.",Análise linguística/semiótica (Ortografização),Morfologia/Morfossintaxe,,,,,,,
EF05LP06,Ensino Fundamental,05,,Língua Portuguesa,06,"Flexionar, adequadamente, na escrita e na oralidade, os verbos em concordância com pronomes pessoais/nomes sujeitos da oração.",Análise linguística/semiótica (Ortografização),Morfologia/Morfossintaxe,,,,,,,
EF05LP07,Ensino Fundamental,05,,Língua Portuguesa,07,"Identificar, em textos, o uso de conjunções e a relação que estabelecem entre partes do texto: adição, oposição, tempo, causa, condição, finalidade.",Análise linguística/semiótica (Ortografização),Morfologia,,,,,,,
EF05LP08,Ensino Fundamental,05,,Língua Portuguesa,08,"Diferenciar palavras primitivas, derivadas e compostas, e derivadas por adição de prefixo e de sufixo.",Análise linguística/semiótica (Ortografização),Morfologia,,,,,,,
EF05LP09,Ensino Fundamental,05,,Língua Portuguesa,09,"Ler e compreender, com autonomia, textos instrucional de regras de jogo, dentre outros gêneros do campo da vida cotidiana, de acordo com as convenções do gênero e considerando a situação comunicativa e a finalidade do texto.",Leitura/escuta (compartilhada e autônoma),Compreensão em leitura,sim,AF,EF03LP11,"• Reconhecer as condições de produção de textos instrucionais, como regras de jogo (função social, suporte, autor, público-alvo).
• Identificar a estrutura do texto bem como seu estilo de linguagem (uso do imperativo, imagens, entre outros).","CG: 2 e 4
CA: 2 e 3
CE: 2, 3 e 7",AF: EF05LP12        EF: EF15LP02; EF15LP03; EF15LP04               AC: EF05LP04,"A habilidade, da prática de leitura, pressupõe a compreensão de textos instrucionais, como regras de jogo. Para isso, é interessante propor atividades com base nas experiências dos estudantes, a fim de que eles reconheçam a função social desses textos, seu suporte, público-alvo, entre outros. Além disso, essa habilidade pode ser desenvolvida em um projeto articulado com o componente curricular Educação Física. Sugere-se, dessa forma, que os estudantes entrem em contato com regras de jogos variados (de tabuleiro, esportivos, entre outros). Isso pode ser feito a partir de estações de aprendizagem, em que cada uma apresenta uma regra e um jogo diferentes. Em seguida,   pode-se propor uma síntese coletiva, organizada em tabelas, para que os estudantes consigam reconhecer a estrutura do texto, o tipo de linguagem usada, a utilização de outras semioses, como imagens ou fotos etc. Outra possibilidade é articular habilidades complementares ao trabalho como a habilidade EF05LP12, que trata das conjunções e suas relações no texto; por exemplo, pode-se observar o uso das condicionais para estabelecer as regras, entre outras possibilidades. O trabalho com jogos instrucionais permite promover nos educandos a consciência da necessidade de regras para o bom convívio social. Assim, promove-se uma educação voltada para os direitos humanos e aos ODS, sobretudo os que se referem à cultura de paz."
EF05LP10,Ensino Fundamental,05,,Língua Portuguesa,10,"Ler e compreender, com autonomia, anedotas, piadas e cartuns, dentre outros gêneros do campo da vida cotidiana, de acordo com as convenções do gênero e considerando a situação comunicativa e a finalidade do texto.",Leitura/escuta (compartilhada e autônoma),Compreensão em leitura,sim,AF,,"• Reconhecer as condições de produção de anedotas, piadas e cartuns (função social, suporte, autor, público-alvo)
• Identificar a estrutura do texto bem como seu estilo de linguagem (uso do imperativo, imagens, entre outros).
• Relacionar, em cartuns, a linguagem verbal e não verbal.
• Reconhecer o humor nos textos.","CG: 2 e 4
CA: 2 e 3
CE: 2, 3 e 7",EF: EF: EF15LP02; EF15LP03; EF15LP04; EF35LP09                 AF: EF05LP11        AC: EF05LP04,"Essa habilidade trata da leitura de textos do campo da vida cotidiana escritos e orais, como anedotas e piadas, e os multissemióticos, como os cartuns. Nesse sentido, sugere-se que sejam propostas atividades nas quais os estudantes façam um levantamento desses textos por meio de coleta de informações e pesquisas tanto na comunidade escolar como em jornais e revistas infantis. Com base nessa coleta, sugere-se que sejam propostas atividades de reflexão nas quais os estudantes organizem esses textos, em grupos ou duplas, reconhecendo a função social, o suporte, o público-alvo, entre outros. A partir disso, pode-se propor uma sistematização coletiva, organizada em ferramentas de apoio, como tabelas e esquemas. Além disso, em relação ao gênero cartum, podem ser propostas atividades em que os estudantes relacionem a linguagem verbal e a não verbal. A avaliação da aprendizagem pode ocorrer por meio de registros escritos, rubricas de observação e autoavaliação. Na questão de anedotas e piadas, há a possibilidade de se discutir os limites do humor e sua relação com o respeito aos outros. Dessa forma, pode-se propor a reflexão dos limites éticos de piadas e anedotas, relacionando essa questão a temas contemporâneos e étnico-raciais."
EF05LP11,Ensino Fundamental,05,,Língua Portuguesa,11,"Registrar, com autonomia, anedotas, piadas e cartuns, dentre outros gêneros do campo da vida cotidiana, de acordo com as convenções do gênero e considerando a situação comunicativa e a finalidade do texto.",Produção de textos (escrita compartilhada e autônoma),Escrita colaborativa,sim,AF,,"• Planejar o texto (anedota, piada e cartum) por meio do reconhecimento de suas características e a função social.
• Produzir o texto, considerando sua estrutura e seu estilo.","CG: 2 e 4
CA: 2 e 3
CE: 2, 3 e 5","AF: EF05LP10
AC: EF05LP01; EF05LP03;   EF05LP04; EF05LP26; EF05LP27","A fim de desenvolver essa habilidade, é interessante que ela seja articulada à habilidade EF05LP10, que trata da leitura desses gêneros. Além disso, considerando que essa habilidade trata da produção escrita, sugere-se que sejam consideradas as etapas de planejamento, produção e revisão textual. Também, é interessante propor que as produções sejam publicadas em suportes que atinjam a comunidade escolar, como blogs, jornais, murais coletivos. Dessa forma, a produção ganha um significado maior para os estudantes. Na etapa de planejamento, propõe-se que sejam levantados os critérios para a produção, sejam eles discursivos (relativos aos gêneros) ou notacionais. Em relação a esse aspecto, pode-se relacionar habilidades complementares que abordem as questões da língua, como a EF05LP01, que trata da ortografia, e a EF05LP03, que trata da acentuação. Pode-se, ainda, propor a revisão do texto em duplas, retomando os critérios do planejamento. Essa estratégia permite que os estudantes desenvolvam procedimentos de avaliar o texto do outro, posicionando-se com respeito. Dessa forma, é possível promover o desenvolvimento de habilidades socioemocionais."
EF05LP12,Ensino Fundamental,05,,Língua Portuguesa,12,"Planejar e produzir, com autonomia, textos instrucionais de regras de jogo, dentre outros gêneros do campo da vida cotidiana, de acordo com as convenções do gênero e considerando a situação comunicativa e a finalidade do texto.",Escrita (compartilhada e autônoma),Escrita colaborativa,sim,AF,EF03LP12,"• Planejar textos instrucionais (regras de jogo), considerando suas condições de produção (finalidade, suporte, público-alvo, entre outros).
• Produzir o texto, considerando a estrutura do gênero, o estilo adequado e a situação comunicativa.","CG: 2 e 4
CA: 2 e 3
CE: 2, 3 e 5","EF: EF15LP05; EF15LP06; EF15LP07; EF35LP09               AC: EF05LP01;  EF05LP04; EF05LP06; EF05LP26; EF05LP27
AF: EF05LP09","Sugere-se que essa habilidade, de produção textual escrita, esteja articulada à habilidade de leitura EF05LP09 para que os estudantes sejam expostos às características do gênero e percebam sua função social. Além disso, a habilidade pode ser desenvolvida em um projeto interdisciplinar com os componentes curriculares Artes e Educação Física, de modo que possam ser propostas tanto atividades para ilustrar o texto quanto jogos que tornem a produção mais significativa. Por ser uma habilidade de produção textual escrita, sugere-se que ela seja feita de forma processual, considerando as etapas de planejamento, produção, revisão e reescrita. Na etapa de planejamento, é possível utilizar ferramentas de apoio, como esquemas e tabelas bem como elencar os critérios necessários para a produção. Após a escrita, há a possibilidade de analisar as produções dos alunos e observar aspectos notacionais para a revisão textual. Nesse momento, sugere-se articular o trabalho com habilidades complementares como a habilidade EF05LP06 que trata da concordância. É importante que os critérios do planejamento sejam os mesmos da reescrita, pois dessa forma é possível observar se houve avanços de uma versão do texto para outra. A avaliação, nesse caso, pode ser feita de forma processual, trazendo evidências das diferentes etapas da produção e das questões elencadas. Além disso, é possível propor uma autoavaliação para que a criança seja protagonista de sua própria aprendizagem."
EF05LP13,Ensino Fundamental,05,,Língua Portuguesa,13,"Assistir, em vídeo digital, a postagem de vlog infantil de críticas de brinquedos e livros de literatura infantil e, a partir dele, planejar e produzir resenhas digitais em áudio ou vídeo.",Oralidade,Produção de texto oral,sim,AF,EF04LP12,"• Reconhecer as condições de produção de programas de vlogs infantis com críticas de brinquedos e livros de literatura infantil (apresentador, função social, suporte).
• Reconhecer as descrições dos elementos analisados bem como os argumentos apresentados no vídeo e analisar as diferentes semioses (imagem, som, pausa, entonação).
• Planejar a produção de uma resenha digital, considerando estrutura, público-alvo, suporte, entre outros.
• Produzir a resenha, fazendo uso das diferentes semioses, de acordo com o suporte.
• Utilizar ferramentas de edição com o auxílio do professor.","CG: 2, 4 e 5
CA: 2, 3 e 6
CE: 2, 3, 5 e 10","AF: EF05LP13 e EF05LP18
AC: EF05LP14 e EF05LP20","Essa habilidade trata das práticas de leitura e produção de maneira intrínseca, pois prevê que, com base na leitura de vlogs argumentativos sobre brinquedos e livros infantis, os estudantes sejam capazes de planejar e produzir resenhas digitais. Por essa razão, sugere-se que os estudantes sejam expostos a esses vídeos e façam registros que apresentem o reconhecimento de suas condições de produção (quem é o apresentador, qual é o suporte, qual é a função social e o objetivo do vídeo). A partir desse reconhecimento, eles podem reconhecer e diferenciar as sequências descritivas das argumentativas, articulando a habilidade EF05LP20, que trata da validade e da força dos argumentos. Outra questão importante é possibilitar a relação dessas sequências com as semioses dos vídeos. Para isso, podem-se propor tarefas em grupo em que cada um analisa um aspecto do vídeo (qual imagem é apresentada, a trilha sonora, a entonação ou pausas, se há cortes ou mudanças no vídeo). Em seguida, os grupos podem compartilhar seus achados de modo a permitir uma análise completa do vídeo. Com base em situações de leitura que aumentem o repertório dos estudantes, pode-se propor a produção da resenha digital considerando as etapas de planejamento, a produção de roteiro, a revisão, a gravação e a edição. As etapas de produção podem seguir as estratégias já apresentadas. Por fim, o professor pode auxiliar os estudantes com as ferramentas de edição para a publicação do vídeo."
EF05LP14,Ensino Fundamental,05,,Língua Portuguesa,14,"Identificar e reproduzir, em textos de resenha crítica de brinquedos ou livros de literatura infantil, a formatação própria desses textos (apresentação e avaliação do produto).",Análise linguística/semiótica (Ortografização),Forma de composição do texto,sim,AF,,"• Reconhecer a forma de composição de resenha crítica.
• Reconhecer e diferenciar as descrições dos elementos analisados dos argumentos avaliativos.
• Reproduzir a forma e o estilo da resenha crítica para apresentar e avaliar produtos.","CG: 2, 3 e 7
CA: 2, 3 e 4
CE: 2 e 3",EF: EF15LP02; EF15LP03; EF15LP04        AF: EF05LP13        AC: EF05LP05; EF05LP07,"Esta habilidade se relaciona com a EF05LP13 na medida em que trata da forma de composição de resenhas críticas bem como as tipologias desse texto, que envolvem a exposição e a argumentação. Por essa razão, sugere-se que as duas habilidades sejam desenvolvidas conjuntamente e que, no caso desta habilidade, sejam propostas atividades que permitam aos estudantes reconhecer e diferenciar as tipologias bem como utilizá-las adequadamente. Uma possibilidade de atividade é selecionar trechos em que os alunos devam indicar se é uma apresentação do produto ou avaliação. Dessa forma, podem reconhecer expressões que exponham a opinião do resenhista. Além disso, na questão da produção do texto, sugere-se que sejam propostas atividades em que seja possível planejar as sequências expositivas e as sequências argumentativas. Nesse caso, a atividade pode ser feita em duplas a fim de que os estudantes comparem as estratégias e compartilhem ideias. Como forma de avaliar a aprendizagem, pode-se estabelecer a forma de composição como um critério da produção final que pode ser tanto avaliado pelo professor quanto autoavaliado."
EF05LP15,Ensino Fundamental,05,,Língua Portuguesa,15,"Ler/assistir e compreender, com autonomia, notícias, reportagens, vídeos em vlogs argumentativos, dentre outros gêneros do campo político-cidadão, de acordo com as convenções dos gêneros e considerando a situação comunicativa e o tema/assunto do texto.",Leitura/escuta (compartilhada e autônoma),Compreensão em leitura,sim,AF,EF04LP14,"• Reconhecer as condições de produção, circulação e recepção dos gêneros do campo político-cidadão, como notícias, reportagens e vídeos em vlogs argumentativos (autor, público-alvo, função social do texto).
• Comparar os gêneros, reconhecendo suas semelhanças e diferenças e considerando sua função e estrutura.
• Identificar a ideia central do texto.","CG: 2, 4 e 5
CA: 2, 3 e 6
CE: 2, 3 e 10",EF: EF15LP02; EF15LP04; EF15LP10                                          AF: EF05LP16        AC: EF05LP05; EF05LP07; EF05LP20,"Essa habilidade é centrada no desenvolvimento da leitura de textos jornalísticos e midiáticos, como notícias, reportagens e vídeos em vlogs argumentativos e da oralidade e escuta atenta. Nesse sentido, sugere-se que os estudantes sejam expostos a esses textos em seus suportes originais, de modo a explorá-los e reconhecer seu autor, suas condições de produção e função social. Isso pode ser feito por meio de perguntas e situações-problema para que se possa localizar o autor e identificar o público-alvo. Sugere-se, ainda, que sejam propostas rodas de conversa para levantar ideias sobre a função social dos textos. Outra possibilidade, caso sejam trabalhados gêneros distintos ao mesmo tempo, como notícias e reportagens, é propor atividades comparativas, reconhecendo suas semelhanças e diferenças, considerando sua estrutura e função social. Além das condições de produção, circulação e recepção, é interessante propor atividades que permitam aos estudantes identificar a ideia central dos textos. Salienta-se, ainda, que se deve considerar, nas atividades de leitura, a questão dos textos multissemióticos que utilizam diferentes semioses, como imagens, sons, infográficos, entre outros. Por fim, por meio das temáticas dos textos, podem-se abordar questões relacionadas aos temas contemporâneos e voltados para uma educação em direitos humanos."
EF05LP16,Ensino Fundamental,05,,Língua Portuguesa,16,Comparar informações sobre um mesmo fato veiculadas em diferentes mídias e concluir sobre qual é mais confiável e por quê.,Leitura/escuta (compartilhada e autônoma),Compreensão em leitura,sim,AF,EF04LP15,"• Reconhecer os gêneros que trazem informações sobre fatos (notícias, infográficos, reportagens, mensagens de texto, entre outros).
• Analisar as condições de produção, recepção e circulação dos textos (autor, suporte, função social do texto, público-alvo).
• Comparar os textos, considerando suas condições de produção.
• Identificar e argumentar sobre as mídias mais confiáveis por meio da análise das condições de produção.","CG: 2 e 4
CA: 2, 3
CE: 2, 3 e 7",EF: EF15LP02         AF: EF05LP15,"Sugere-se que essa habilidade seja desenvolvida juntamente com a habilidade EF05LP15, que aborda a leitura de gêneros do campo político-cidadão. Nesse sentido, para desenvolver essa habilidade, sugere-se que sejam propostas situações-problema em que o estudante receba dois textos sobre a mesma temática a fim de reconhecer qual é o mais confiável. Para isso, pode-se fazer uso de tabelas e esquemas que guiem a leitura dos estudantes para que eles reconheçam a presença (ou não) de um autor, o suporte, a URL (em caso de textos publicados na internet), entre outros aspectos. Em seguida, sugere-se que seja feito um painel coletivo, a fim de que possam comparar os textos e argumentar sobre a fonte mais confiável. A avaliação da aprendizagem pode ser feita por meio dos registros dos estudantes e pela observação da fala deles sobre a leitura. Pontua-se que o trabalho com a comparação de textos jornalísticos permite identificar possíveis fake news, desenvolvendo cidadãos mais críticos e conscientes, relacionando-se, assim, com os ODS na medida em que promove uma educação de qualidade e cidadãos críticos."
EF05LP17,Ensino Fundamental,05,,Língua Portuguesa,17,"Produzir roteiro para edição de uma reportagem digital sobre temas de interesse da turma, a partir de buscas de informações, imagens, áudios e vídeos na internet, de acordo com as convenções do gênero e considerando a situação comunicativa e o tema/assunto do texto.",Produção de textos (escrita compartilhada e autônoma),Escrita colaborativa,sim,AF,EF03LP22; EF04LP16,"• Pesquisar informações sobre temas de interesse da turma.
• Selecionar imagens, áudios e vídeos da internet referentes ao tema de interesse.
• Planejar o roteiro de uma reportagem digital, considerando a seleção e a pesquisa de informações e dados, bem como suas características formais e estilísticas.
• Produzir o roteiro com base nas considerações do planejamento.","CG: 2, 4 e 5
CA: 2, 3 e 6
CE: 2, 3 e 10",AF: EF05LP15          EF: EF15LP05; EF15LP06; EF15LP07              AC: EF05LP01; EF05LP03;  EF05LP06;  EF05LP26; EF05LP27,"Esta habilidade, da prática de produção escrita, prevê que seja feito um roteiro para uma reportagem digital de interesse da turma. Nesse sentido, sugere-se ainda que essa produção seja desenvolvida em um projeto interdisciplinar para ampliar o repertório dos estudantes. Além disso, essa produção pode ser feita coletivamente, em grupos de trabalho, de modo a permitir a troca de ideias e o compartilhamento de estratégias. Inicialmente, propõe-se que sejam feitas discussões para que se escolham os possíveis temas. Em seguida, a fim de coletar materiais para o roteiro, podem-se definir estudantes responsáveis por diferentes mídias, como reportagens, imagens, áudios, entre outros. Feita a coleta de materiais, é interessante propor atividades que desenvolvam a curadoria, a fim de que os estudantes reconheçam quais fontes são mais confiáveis. Em seguida, antes do planejamento do roteiro, é importante que os estudantes entrem em contato com esse modelo, a fim de perceber suas características. Para a produção do planejamento, é possível fazer uso de tabelas e esquemas que orientem a produção. Nessa etapa, sugere-se ainda que sejam mostrados critérios para orientar a produção. A avaliação da aprendizagem pode ser feita por meio da produção final, das etapas e da observação da interação dos estudantes."
EF05LP18,Ensino Fundamental,05,,Língua Portuguesa,18,"Roteirizar, produzir e editar vídeo para vlogs argumentativos sobre produtos de mídia para público infantil (filmes, desenhos animados, HQs, games etc.), com base em conhecimentos sobre os mesmos, de acordo com as convenções do gênero e considerando a situação comunicativa e o tema/ assunto/finalidade do texto.",Oralidade,Planejamento e produção de texto,,,,,,,
EF05LP19,Ensino Fundamental,05,,Língua Portuguesa,19,"Argumentar oralmente sobre acontecimentos de interesse social, com base em conhecimentos sobre fatos divulgados em TV, rádio, mídia impressa e digital, respeitando pontos de vista diferentes.",Oralidade,Produção de texto,sim,AF,,"- Identificar fatos em textos de gêneros diversos, impressos, orais e digitais. - Reconhecer e respeitar diferentes opiniões acerca de um mesmo fato. - Elaborar opinião acerca de acontecimentos de interesse social e defende-la com argumentos coerentes e legitimados pela mídia impressa e digital. - Participar de situações de interação para emitir opinião sobre acontecimentos de interesse social. - Elaborar e reelaborar argumentos para sustentar tese e refutar argumentos contrários.",CG: 7 CA: 4 e 6 CE: 6 e 10,EF: EF35LP15         AC: EF05LP06; EF05LP20,"Essa habilidade pressupõe a participação dos estudantes na vida pública, considerando o exercício da cidadania, o respeito as direitos e aos deveres sociais. Nesse sentido, é preciso que sejam inseridos em situações de debates orais sobre temas de interesse social, que dizem respeito ao convívio nos assuntos da comunidade a que pertence, seja a escolar, seja a do bairro, cidade ou mesmo do país onde moram. Propondo situações-problema, que podem ser organizadas a partir de uma notícias divulgadas na TV e demais mídias ou ainda de uma situação ocorrida com os próprios estudantes na escola, pode-se iniciar com perguntas problematizadoras para que eles reflitam sobre a questão, identificando os fatos e acontecimentos e emitindo suas impressões e ideias iniciais. Em seguida, pode-se propor que os estudantes aprofundem seus conhecimentos sobre esse problema/tema apresentado, fazendo curadoria de informações a fim de terem repertório, assumirem um posicionamento e construírem argumentos para defendê-lo. Na sequência, podem fazer diferentes registros dos textos / vídeos lidos e assistidos, montando esquemas e quadros com as informações principais e argumentos que podem ser utilizados na defesa dos pontos de vistas. Ainda é preciso preparar a própria situação de debate ou roda de discussão, considerando a exposição do que foi pesquisado e o posicionamento adotado pelos estudantes, que devem expressar seus argumentos e ser capazes de ouvir os argumentos dos colegas, contraargumentado respeitosamente."
EF05LP20,Ensino Fundamental,05,,Língua Portuguesa,20,"Analisar a validade e força de argumentos em argumentações sobre produtos de mídia para público infantil (filmes, desenhos animados, HQs, games etc.), com base em conhecimentos sobre os mesmos.",Análise linguística/semiótica (Ortografização),Forma de composição dos textos,,,,,,,
EF05LP21,Ensino Fundamental,05,,Língua Portuguesa,21,"Analisar o padrão entonacional, a expressão facial e corporal e as escolhas de variedade e registro linguísticos de vloggers de vlogs opinativos ou argumentativos.",Análise linguística/semiótica (Ortografização),Forma de composição dos textos,,,,,,,
EF05LP22,Ensino Fundamental,05,,Língua Portuguesa,22,"Ler e compreender verbetes de dicionário, identificando a estrutura, as informações gramaticais (significado de abreviaturas) e as informações semânticas.",Leitura/escuta (compartilhada e autônoma),Compreensão em leitura,sim,AF,EF04LP19,"• Reconhecer as condições de produção, circulação, recepção dos verbetes (função social, suporte, entre outros).
• Reconhecer a estrutura do verbete.
• Identificar o significado das abreviaturas (informações gramaticais) e semânticas do texto.","CG: 2 e 4
CA: 2 e 3
CE: 2, 3 e 5","AF: EF05LP25          EF: EF15LP02; EF15LP03; EF35LP12
AC: EF05LP02","Observa-se que essa habilidade propõe a leitura de um verbete de dicionário não apenas para consulta, mas que ele seja entendido como um gênero que tem uma função social e características próprias. Nesse sentido, sugere-se que seja apresentada uma situação-problema na qual os estudantes percebam a necessidade de se consultar verbetes. Além disso, é interessante que os estudantes sejam expostos a diferentes tipos de dicionário (impressos, digitais, de sinônimos, entre outros). A turma pode ser dividida em grupos e  cada um será responsável por um verbete diferente ou por um tipo de dicionário distinto. É possível fazer uma discussão coletiva e a construção de uma tabela-síntese sobre as condições de produção, circulação e recepção dos textos. Além disso, sugere-se que os estudantes explorem o verbete a fim de reconhecer sua estrutura, incluindo o uso de negrito e itálico. Uma possibilidade é articular as habilidades de análise linguística à pesquisa das abreviaturas gramaticais ou ainda a questão de prefixos e sufixos, conforme proposto pela habilidade complementar EF05LP08. Pode-se, ainda, evidenciar como o dicionário apresenta expressões polissêmicas (aspecto observado na habilidade EF05LP02). Parar as aprendizagens, pode-se propor um glossário com as abreviações mais comuns encontradas. A autoavaliação também pode ser usada de forma a permitir que o estudante consiga ser protagonista do próprio processo de aprendizagem."
EF05LP23,Ensino Fundamental,05,,Língua Portuguesa,23,Comparar informações apresentadas em gráficos ou tabelas. es de interesse sobre ssos ou digitais.,Leitura/escuta (compartilhada e autônoma),Imagens analíticas em textos,,,,,,,
EF05LP24,Ensino Fundamental,05,,Língua Portuguesa,24,"Planejar e produzir texto sobre tema de interesse, organizando resultados de pesquisa em fontes de informação impressas ou digitais, incluindo imagens e gráficos ou tabelas, considerando a situação comunicativa e o tema/assunto do texto.",Produção de textos (escrita compartilhada e autônoma),Produção de textos,sim,AF,EF04LP21,"• Utilizar ferramentas de curadoria de informações, considerando o tema previamente selecionado.
• Planejar textos sobre temas de interesse, com base em resultados de observações e pesquisas em fontes de informações (impressas ou digitais), considerando a situação comunicativa e o tema/assunto do texto.
• Produzir textos sobre temas de interesse, com base em resultados de observações e pesquisas em fontes de informações, considerando o uso de recursos multissemióticos (tabelas, gráficos, quadros etc.), a situação comunicativa e o tema/assunto do texto.","CG: 2, 4 e 5
CA: 2, 3 e 6
CE: 2, 3, 5 e 10","AC: EF05LP01; EF05LP03; EF05LP23, EF05LP26
e EF05LP27              EF: EF15LP04; EF15LP05; EF15LP06; EF15LP07","Esta habilidade, do campo de estudo e pesquisa, propõe que o estudante seja capaz de organizar resultados de pesquisa. Sugere-se, nesse caso, que ela seja desenvolvida em um projeto interdisciplinar com Ciências da Natureza, na qual, depois de uma pesquisa, o estudante possa organizar uma apresentação. Para isso, propõe-se que seja levantada a questão da curadoria com os estudantes a fim de que eles reconheçam quais fontes de pesquisa são confiáveis. Reitera-se que, em habilidades de produção textual escrita, as etapas de planejamento, produção, revisão e reescrita sejam propostas. Assim, feito o levantamento, podem-se estabelecer os critérios para as apresentações e para o planejamento dos textos. É interessante considerar não apenas os textos escritos, mas o multissemióticos envolvidos nas pesquisas e produções. Pode-se, ainda, articular a habilidade EF05LP23, que trata da comparação de gráficos e tabelas. Após a produção, sugere-se que seja feita a revisão textual considerando os aspectos discursivos e notacionais, bem como a adequação à situação comunicativa e ao tema. A avaliação, nesse caso, deve seguir os critérios estabelecidos no planejamento, de modo a garantir a coerência do processo. A produção de textos de divulgação de pesquisa promove o desenvolvimento de habilidades que se estenderão por toda educação básica desenvolvendo pessoas críticas, relacionando-se, assim, aos ODS."
EF05LP25,Ensino Fundamental,05,,Língua Portuguesa,25,"Planejar e produzir, com certa autonomia, verbetes de dicionário, digitais ou impressos, considerando a situação comunicativa e o tema/assunto/finalidade do texto.",Produção de textos (escrita compartilhada e autônoma),Escrita autônoma,sim,AF,EF04LP22,"• Planejar verbetes de dicionários (digitais ou impressos), considerando a estrutura, a função social e o tema/assunto do texto.
• Produzir verbetes de dicionário (digitais ou impressos), considerando estrutura, função social e o tema/assunto do texto.","CG: 2 e 4
CA: 2 e 3
CE: 2, 3 e 5","EF: EF15LP05; EF15LP06; EF15LP07                AF: EF05LP22
AC: EF05LP01, EF05LP03; EF05LP06, EF05LP26 e EF05LP27","Esta habilidade, de produção de verbetes, relaciona-se com a habilidade de leitura EF05LP22. Para desenvolvê-la, sugere-se que haja um contexto real e, se possível, lúdico, para que os estudantes produzam esses textos. Pode-se propor a escrita de verbetes de expressões típicas da região (atreladas a um projeto), expressões vindas de um contexto das aulas de Educação Física, bem como a produção de verbetes de gírias usadas pelos estudantes ou ainda de expressões usadas na internet. Além disso, sugere-se que a escrita seja processual, como já indicado, para que o estudante passe pelas etapas de planejamento, produção, revisão e reescrita. As habilidades que envolvem os aspectos notacionais, como a EF05LP01 e a EF05LP06 pode servir como critérios para a escrita. Como forma de avaliar, é possível estabelecer critérios para cada parte do processo. Como produto final, pode-se fazer um dicionário coletivo da turma. Nesse caso, pode-se propor a produção de um dicionário ilustrado em parceria com o componente Arte."
EF05LP26,Ensino Fundamental,05,,Língua Portuguesa,26,"Utilizar, ao produzir o texto, conhecimentos linguísticos e gramaticais: regras sintáticas de concordância nominal e verbal, convenções de escrita de citações, pontuação (ponto final, dois-pontos, vírgulas em enumerações) e regras ortográficas.",Análise linguística/semiótica (Ortografização),Adequação do texto às normas de escrita,,,,,,,
EF05LP27,Ensino Fundamental,05,,Língua Portuguesa,27,"Utilizar, ao produzir o texto, recursos de coesão pronominal (pronomes anafóricos) e articuladores de relações de sentido (tempo, causa, oposição, conclusão, comparação), com nível adequado de informatividade.",Análise linguística/semiótica (Ortografização),Coesão e articuladores,,,,,,,
EF05LP28,Ensino Fundamental,05,,Língua Portuguesa,28,"Observar, em ciberpoemas e minicontos infantis em mídia digital, os recursos multissemióticos presentes nesses textos digitais.",Análise linguística/semiótica (Ortografização),Forma de composição de textos poéticos visuais,,,,,,,
EF05MA01,Ensino Fundamental,05,,Matemática,01,"Ler, escrever e ordenar números naturais até a ordem das centenas de milhar com compreensão das principais características do sistema de numeração decimal.",Números,"Sistema de numeração decimal: leitura, escrita e ordenação de números naturais (de até seis ordens)",sim,EF,EF04MA01              EF04MA02,"• Construir o sistema de numeração decimal até a ordem das centenas de milhar, registrando, lendo, comparando e interpretando escritas numéricas por meio de suas regras.
• Resolver problemas que exijam a análise do valor posicional por meio da decomposição de números baseada na organização decimal do sistema, explicitando as relações aditivas e multiplicativas dos números.
• Expressar um número em termos de unidade, dezena, centena, unidade de milhar, dezena de milhar e centena de milhar.","CE: 3
CG: 1 e 4",,"Esta habilidade realiza o fechamento do trabalho previsto nos anos anteriores relativo à leitura, escrita e comparação de números, agora até a ordem da centena de milhar. Espera-se que até este momento o aluno tenha resolvido situações que lhe proporcionaram maior compreensão das características e estrutura do Sistema de Numeração Decimal e, com isso, possa comparar números dessa magnitude por meio da posição que os algarismos ocupam nos números envolvidos. Também, espera-se que ele consiga representar esta comparação utilizando símbolos de desigualdades, como diferente, maior que ou menor que."
EF05MA02,Ensino Fundamental,05,,Matemática,02,"Ler, escrever e ordenar números racionais na forma decimal com compreensão das principais características do sistema de numeração decimal, utilizando, como recursos, a composição e decomposição e a reta numérica.",Números,Números racionais expressos na forma decimal e sua representação na reta numérica,sim,AF,EF05MA01,"• Construir o significado do número decimal com base nas características do sistema de numeração decimal.
• Compor, decompor e representar números racionais expressos na forma decimal na reta numérica.
• Ler, escrever, comparar, relacionar e identificar números decimais, reconhecendo o décimo, o centésimo e o milésimo.","CE: 3
CG: 1, 2 e 4",,"Para que o aluno seja capaz de ler, escrever e ordenar números racionais na forma decimal, é necessário que ele compreenda que a estrutura do Sistema de Numeração Decimal utilizada para representar números naturais pode ser estendida para os números racionais. Entender que 1 inteiro pode ser representado por 10 décimos ou 100 centésimos é o início dessa investigação, que pode ser seguida da utilização do Quadro Valor de Lugar para ordens inferiores a das unidades (décimos, centésimos e milésimos). Contextos que envolvem o sistema monetário brasileiro e medições podem subsidiar situações que favorecem, também, o desenvolvimento de estratégias pessoais de cálculos. Por exemplo, entender que R$ 3,45 pode ser decomposto por 3 + 0,4 + 0,05  pode ajudar o aluno no momento de efetuar cálculos envolvendo a parte inteira, os décimos e os centésimos apresentados pelos números. Outro bom recurso que pode ser explorado é a representação na reta numérica de partes do inteiro (décimos, centésimos e milésimos), pois dessa maneira é possível realizar comparações entre quantidades racionais expressas na forma decimal."
EF05MA03,Ensino Fundamental,05,,Matemática,03,"Identificar e representar frações (menores e maiores que a unidade), associando-as ao resultado de uma divisão ou à ideia de parte de um todo, utilizando a reta numérica como recurso.",Números,"Representação fracionária dos números racionais: reconhecimento, significados, leitura e representação na reta numérica",sim,AF,EF04MA09,"• Reconhecer frações maiores e menores que um inteiro.
• Identificar e representar frações como partes de um inteiro.
• Identificar e representar frações como o quociente (exato) de dois inteiros.
• Resolver problemas que envolvam algumas das diferentes funções da fração: parte de um todo e divisão.","CE: 3
CG: 1 e 4",EF05MA06,"Esta habilidade apresenta duas ideias muito importantes associadas às frações: a primeira envolvendo a fração como parte de um todo e a segunda referente à fração como resultado (quociente) de uma divisão. No primeiro caso, ao se referir à fração 2/5 pode-se, por exemplo, dividir o inteiro em 5 partes das quais 2 delas serão consideradas. Já em relação ao segundo caso, a fração 2/5 pode ser entendida como 2: 5 (dois divido por cinco), em que 2 inteiros equivale a 20 décimos, que dividido em 5 partes, resulta em 4 décimos por parte (0,4). É importante explorar situações nas quais os alunos se deparem com a representação de frações menores, iguais ou maiores que um inteiro. Pedir que representem, por exemplo, as frações 1/2; 2/2 e 3/2 pode contribuir neste sentido sem que haja necessidade de nomear tais frações como própria, aparente ou imprópria."
EF05MA04,Ensino Fundamental,05,,Matemática,04,Identificar frações equivalentes.,Números,Comparação e ordenação de números racionais na representação decimal e na fracionária utilizando a noção de equivalência,sim,AF,"EF05MA03
EF04MA09","• Compreender a noção de fração equivalente.
• Comparar frações utilizando frações equivalentes como recurso.","CE: 3
CG: 4",,"Esta habilidade complementa o trabalho desenvolvido na habilidade anterior (EF05MA03) porque mostra a existência de escritas diferentes, que representam a mesma quantidade ou a mesma parte do todo. É de fundamental importância que os alunos se apropriem efetivamente do conceito de fração equivalente para que possam dar um significado às operações envolvendo frações. A utilização de materiais manipulativos, como tangram, dobraduras e mosaicos podem colaborar com o desenvolvimento desta habilidade. A representação de frações equivalentes na reta numérica auxilia na observação de que escritas fracionárias diferentes representam quantidades iguais quando se referem ao mesmo todo e, por isso, são representadas pelo mesmo ponto na reta numérica. Faz-se importante, sempre que possível, explorar a representação das ideias aprendidas de formas diferentes (por escrito, numericamente, com desenhos), justificar suas resoluções e, ainda, escrever as aprendizagens feitas."
EF05MA05,Ensino Fundamental,05,,Matemática,05,"Comparar e ordenar números racionais positivos (representações fracionária e decimal), relacionando-os a pontos na reta numérica.",Números,Comparação e ordenação de números racionais na representação decimal e na fracionária utilizando a noção de equivalência,sim,AF,"EF05MA02
EF05MA03
EF05MA04","• Associar uma fração à sua representação decimal.
• Representar e comparar frações e números decimais na reta numérica.
• Identificar em contextos quando utilizar uma ou outra representação de um número racional.",CG: 4,,"Para que o aluno seja capaz de comparar e ordenar números racionais (positivos) usando as representações fracionária e decimal, é necessário que ele compreenda que uma fração pode representar um número (no caso racional) e que sua escrita representa uma quantidade de um todo (discreto ou contínuo). Também é necessário que ele entenda que a quantidade representada pela fração pode ser menor, igual ou maior que a representada por outra e, para isso, pode-se associar pontos da reta numérica para realizar tal comparação. Por fim, demanda-se que o aluno consiga expressar essa comparação através dos sinais de igualdade (frações equivalentes) ou desigualdade (diferente, maior que ou menor que). O cálculo mental pode ser desenvolvido nesta habilidade através da análise do numerador e do denominador da fração."
EF05MA06,Ensino Fundamental,05,,Matemática,06,"Associar as representações 10%, 25%, 50%, 75% e 100% respectivamente à décima parte, quarta parte, metade, três quartos e um inteiro, para calcular porcentagens, utilizando estratégias pessoais, cálculo mental e calculadora, em contextos de educação financeira, entre outros.",Números,Cálculo de porcentagens e representação fracionária,,,,,,,
EF05MA07,Ensino Fundamental,05,,Matemática,07,"Resolver e elaborar problemas de adição e subtração com números naturais e com números racionais, cuja representação decimal seja finita, utilizando estratégias diversas, como cálculo por estimativa, cálculo mental e algoritmos.",Números,Problemas: adição e subtração de números naturais e números racionais cuja representação decimal é finita,sim,AF,EF04MA02,"• Ler, escrever, comparar, relacionar e identificar números decimais,
reconhecendo o décimo, o centésimo e o milésimo e as relações entre eles.
• Resolver problemas que envolvam adição, subtração com decimais.",,,"Para que o aluno consiga resolver e elaborar situações problemas que envolvam adição e subtração de números decimais, é necessário que seja ofertado inicialmente a ele situações em que possa explorar o cálculos mental , o cálculo por estimativa e o cálculo exato para, depois, reelaborando os conceitos referentes à estrutura do Sistema de Numeração Decimal, compreenda que as estratégias utilizadas para os números naturais também podem ser usadas com os números decimais. Contextos envolvendo cálculos com valores monetários e com medidas, incluindo o cálculo de perímetro de figuras, são boas oportunidades para o desenvolvimento desta habilidade."
EF05MA08,Ensino Fundamental,05,,Matemática,08,"Resolver e elaborar problemas de multiplicação e divisão com números naturais e com números racionais cuja representação decimal é finita (com multiplicador natural e divisor natural e diferente de zero), utilizando estratégias diversas, como cálculo por estimativa, cálculo mental e algoritmos.",Números,Problemas: multiplicação e divisão de números racionais cuja representação decimal é finita por números naturais,sim,AF,"EF05MA01
EF04MA06
EF04MA07","• Resolver problemas que envolvam a operação de multiplicação e divisão com números naturais.
• Realizar cálculos de multiplicação e divisão com números naturais por meio do algoritmo convencional e outros procedimentos de cálculo.
• Realizar cálculo mental de multiplicação e divisão apoiando-se nas propriedades das operações e no conhecimento sobre o sistema de numeração decimal.
• Estimar resultados de divisões e calcular sua ordem de grandeza.
• Utilizar a calculadora para resolver situações-problema de multiplicação e divisão e para controlar cálculos realizados por outros procedimentos.
• Selecionar a estratégia de cálculo mais pertinente em relação aos números e às operações apresentadas.","CE: 6
CG: 2, 4, 9 e 10","EF05MA09
EF05MA13","Esta habilidade realiza o fechamento do trabalho envolvendo a multiplicação e divisão nos anos anteriores e culmina com a divisão de um número de até cinco algarismos por outro de até dois algarismos, incluindo, também, a divisão entre dois números naturais com quociente decimal. Para que isto ocorra, é importante que o aluno compreenda as etapas envolvidas no algoritmo da divisão nas quais os restos parciais apresentados são reorganizados de maneira a representarem a respectiva quantidade da ordem imediatamente inferior. Em outras palavras, se durante uma divisão sobrar 2 inteiros, estes podem ser representados por 20 décimos, sendo necessário, portanto, indicar que o quociente apresentará parte decimal através da escrita da vírgula. Restando novamente 1 décimo, é possível representá-lo como 10 centésimos e continuar a divisão sem necessidade de explicitar que o quociente apresenta parte decimal. Espera-se fluência em relação à aprendizagem da multiplicação e da divisão com números naturais, que representa apenas parte desta habilidade. Não é foco a fluência em operações com números racionais."
EF05MA09,Ensino Fundamental,05,,Matemática,09,"Resolver e elaborar problemas simples de contagem envolvendo o princípio multiplicativo, como a determinação do número de agrupamentos possíveis ao se combinar cada elemento de uma coleção com todos os elementos de outra coleção, por meio de diagramas de árvore ou por tabelas.",Números,"Problemas de contagem do tipo: “Se cada objeto de uma coleção A for combinado com todos os elementos de uma coleção B, quantos agrupamentos desse tipo podem ser formados?”",,,,,,,
EF05MA10,Ensino Fundamental,05,,Matemática,10,"Concluir, por meio de investigações, que a relação de igualdade existente entre dois membros permanece ao adicionar, subtrair, multiplicar ou dividir cada um desses membros por um mesmo número, para construir a noção de equivalência.",Álgebra,Propriedades da igualdade e noção de equivalência,sim,AF,"EF05MA08
EF04MA15","• Investigar relações de igualdade em que são adicionados, subtraídos, multiplicados ou divididos os dois membros por um mesmo número.
• Inferir e concluir a propriedade de equivalência entre igualdades em que os dois membros são adicionados, subtraídos, multiplicados ou divididos por um mesmo número.","CE: 3 e 4
CG: 2 e 4","EF05MA11
EF05MA12","Esta habilidade traz uma ampliação do trabalho previsto na habilidade EF04MA15 na qual o aluno, por meio de investigações, conclui o princípio aditivo e, agora, o princípio multiplicativo das igualdades. No caso do princípio multiplicativo, ao multiplicarmos ou dividimos ambos membros de uma igualdade por um mesmo valor (não nulo) a expressão obtida permanece sendo uma igualdade. Por exemplo, a partir de investigações, os alunos podem verificar que se 2 + 6 = 5 + 3 então 4 x (2 + 6) = 4 x (5 + 3) e que se 16 - 6 = 8 + 2 então (16 - 6) : 5 = (8 + 2) : 5."
EF05MA11,Ensino Fundamental,05,,Matemática,11,Resolver e elaborar problemas cuja conversão em sentença matemática seja uma igualdade com uma operação em que um dos termos é desconhecido.,Álgebra,Propriedades da igualdade e noção de equivalência,,,,,,,
EF05MA12,Ensino Fundamental,05,,Matemática,12,"Resolver problemas que envolvam variação de proporcionalidade direta entre duas grandezas, para associar a quantidade de um produto ao valor a pagar, alterar as quantidades de ingredientes de receitas, ampliar ou reduzir escala em mapas, entre outros.",Álgebra,Problemas envolvendo a partição de um todo em duas partes proporcionais,,,,,,,
EF05MA13,Ensino Fundamental,05,,Matemática,13,"Resolver problemas envolvendo a partilha de uma quantidade em duas partes desiguais, tais como dividir uma quantidade em duas partes, de modo que uma seja o dobro da outra, com compreensão da ideia de razão entre as partes e delas com o todo.",Álgebra,Problemas envolvendo a partição de um todo em duas partes proporcionais,,,,,,,
EF05MA14,Ensino Fundamental,05,,Matemática,14,"Utilizar e compreender diferentes representações para a localização de objetos no plano, como mapas, células em planilhas eletrônicas e coordenadas geográficas, a fim de desenvolver as primeiras noções de coordenadas cartesianas.",Geometria,Plano cartesiano: coordenadas cartesianas (1º quadrante) e representação de deslocamentos no plano cartesiano,,,,,,,
EF05MA15,Ensino Fundamental,05,,Matemática,15,"Interpretar, descrever e representar a localização ou movimentação de objetos no plano cartesiano (1º quadrante), utilizando coordenadas cartesianas, indicando mudanças de direção e de sentido e giros.",Geometria,Plano cartesiano: coordenadas cartesianas (1º quadrante) e representação de deslocamentos no plano cartesiano,,,,,,,
EF05MA16,Ensino Fundamental,05,,Matemática,16,"Associar figuras espaciais a suas planificações (prismas, pirâmides, cilindros e cones) e analisar, nomear e comparar seus atributos.",Geometria,"Figuras geométricas espaciais: reconhecimento, representações, planificações e características",sim,AF,"EF03MA14
EF04MA17","• Diferenciar poliedros e corpos redondos.
• Comparar sólidos geométricos.
• Representar sólidos geométricos por meio de desenhos.
• Construir planificações de cilindros e cones.
• Identificar um sólido geométrico por sua planificação ou por meio de seu desenho.
• Identificar figuras planas em sólidos geométricos.","CE: 3 e 4
CG: 3 e 4","EF05MA14
EF05MA15","Para ampliar o trabalho com planificações, sugere-se analisar se uma determinada planificação permite ou não construir um determinado sólido. O trabalho envolvendo o ""erro"" permite aos estudantes buscar estratégias para compreendê-lo e justificá-lo e, consequentemente, analisar em profundidade as características dos sólidos sugeridos na habilidade. Discutir com os alunos o que permanece inalterado e o que sofre modificações na planificação em relação ao sólido em sua representação tridimensional é uma forma de reconhecerem as formas e os ângulos. Incentivar os alunos a redigirem suas percepções e conclusões, bem como apresentar suas ideias com desenhos e esquemas, amplia seu vocabulário geométrico e auxilia na identificação de propriedades das formas trabalhadas. Sugere-se associar propostas com arte e leitura de livros de histórias infantis como recursos interessantes para abordar os conceitos envolvidos na habilidade."
EF05MA17,Ensino Fundamental,05,,Matemática,17,"Reconhecer, nomear e comparar polígonos, considerando lados, vértices e ângulos, e desenhá-los, utilizando material de desenho ou tecnologias digitais.",Geometria,"Figuras geométricas planas: características, representações e ângulos",sim,AF,EF04MA18,"• Descrever um polígono por suas propriedades como figura plana.
• Identificar lados e ângulos em polígonos.
• Nomear os polígonos em função da quantidade de seus lados.
• Identificar polígonos em desenhos no plano, em planificações e em faces de poliedros.","CE: 4 e 5
CG: 3, 4 e 5",EF05MA18,"Esta habilidade realiza o fechamento do trabalho envolvendo a exploração dos sólidos geométricos nos anos anteriores. Enquanto nas habilidades anteriores o foco se restringia ao reconhecimento do aspecto global dos sólidos geométricos e, depois, de suas características, agora já é solicitado ao aluno que ele elabore classificações envolvendo grupos de sólidos geométricos com características comuns. É neste contexto que surge a diferenciação entre poliedros e corpos redondos. O reconhecimento das formas geométricas planas que formam cada poliedro também é importante para subdividir esta categoria em duas, sendo uma  formada por prismas e outra composta por pirâmides. O trabalho com malhas diversificadas pode contribuir para a representação das figuras especiais, desenvolvendo, inclusive, noções básicas de perspectiva."
EF05MA18,Ensino Fundamental,05,,Matemática,18,Reconhecer a congruência dos ângulos e a proporcionalidade entre os lados correspondentes de figuras poligonais em situações de ampliação e de redução em malhas quadriculadas e usando tecnologias digitais.,Geometria,Ampliação e redução de figuras poligonais em malhas quadriculadas: reconhecimento da congruência dos ângulos e da proporcionalidade dos lados correspondentes,,,,,,,
EF05MA19,Ensino Fundamental,05,,Matemática,19,"Resolver e elaborar problemas envolvendo medidas das grandezas comprimento, área, massa, tempo, temperatura e capacidade, recorrendo a transformações entre as unidades mais usuais em contextos socioculturais.",Grandezas e medidas,"Medidas de comprimento, área, massa, tempo, temperatura e capacidade: utilização de unidades convencionais e relações entre as unidades de medida mais usuais",sim,AF,EF05MA02                             EF04MA20,"• Compreender a noção de cada grandeza (comprimento, massa, tempo, temperatura, área e capacidade).
• Conhecer as principais unidades de medida de cada uma das grandezas.
• Utilizar em contextos os instrumentos de medida correspondentes a cada grandeza.
• Reconhecer múltiplos e submúltiplos do metro, do grama e do litro.
• Realizar estimativas e medições, escolhendo, entre as unidades e os instrumentos de medida mais usuais, os que se ajustem melhor ao tamanho e à natureza do objeto a ser medido.
• Analisar, interpretar, reconhecer, resolver e formular situações-problema envolvendo as grandezas e as medidas estudadas.","CE: 1 e 3
CG: 1, 2, 4, 9 e 10","EF05MA20
EF05MA21","Esta habilidade realiza o fechamento dos trabalhos envolvendo medições de grandezas efetuado nos anos anteriores. Além das grandezas mais comuns, como comprimento, massa, capacidade e tempo, agora é associado a medida de temperatura. Outro fator importante é que os números que expressam as medidas, podem ser de natureza racional (fracionária ou decimal), o que aproxima ainda mais as situações de contextos cotidianos. A leitura de textos de diferentes gêneros pode ser explorada para subsidiar esta habilidade. Espera-se fluência no aprendizado das grandezas comprimento, área, massa, tempo e capacidade, o qual representa apenas parte desta habilidade. Não é foco a fluência em relação à grandeza temperatura."
EF05MA20,Ensino Fundamental,05,,Matemática,20,"Concluir, por meio de investigações, que figuras de perímetros iguais podem ter áreas diferentes e que, também, figuras que têm a mesma área podem ter perímetros diferentes.",Grandezas e medidas,Áreas e perímetros de figuras poligonais: algumas relações,,,,,,,
EF05MA21,Ensino Fundamental,05,,Matemática,21,"Reconhecer volume como grandeza associada a sólidos geométricos e medir volumes por meio de empilhamento de cubos, utilizando, preferencialmente, objetos concretos.",Grandezas e medidas,Noção de volume,,,,,,,
EF05MA22,Ensino Fundamental,05,,Matemática,22,"Apresentar todos os possíveis resultados de um experimento aleatório, estimando se esses resultados são igualmente prováveis ou não.",Probabilidade e estatística,Espaço amostral: análise de chances de eventos aleatórios,sim,AF,EF04MA26,"• Identificar eventos aleatórios.
• Compreender a noção de probabilidade.
• Determinar o espaço amostral de um evento estimando se os resultados são igualmente prováveis ou não.",CE: 2 e 4,EF05MA23,"Ainda sem utilizar a probabilidade clássica indicada através de uma fração, é possível verificar no desenvolvimento desta habilidade se um determinado evento apresenta resultados igualmente prováveis (equiprováveis) ou não. Por exemplo, antes de uma partida de futebol iniciar, os times decidem qual deles irá iniciar a jogada através do lançamento de uma moeda que tem iguais chances para ambos os times (evento equiprovável). Já durante a partida de futebol podem ocorrer três possibilidades, geralmente não equiprováveis: empate, vitória de A e vitória de B."
EF05MA23,Ensino Fundamental,05,,Matemática,23,"Determinar a probabilidade de ocorrência de um resultado em eventos aleatórios, quando todos os resultados possíveis têm a mesma chance de ocorrer (equiprováveis).",Probabilidade e estatística,Cálculo de probabilidade de eventos equiprováveis,,,,,,,
EF05MA24,Ensino Fundamental,05,,Matemática,24,"Interpretar dados estatísticos apresentados em textos, tabelas e gráficos (colunas ou linhas), referentes a outras áreas do conhecimento ou a outros contextos, como saúde e trânsito, e produzir textos com o objetivo de sintetizar conclusões.",Probabilidade e estatística,"Leitura, coleta, classificação interpretação e representação de dados em tabelas de dupla entrada, gráfico de colunas agrupadas, gráficos pictóricos e gráfico de linhas",sim,AF,EF04MA27,"• Ler gráficos e tabelas com informações de outras áreas do conhecimento.
• Selecionar conclusões válidas ou não em função dos dados representados em tabelas e gráficos.
• Emitir conclusões possíveis com base nos dados representados em tabelas e gráficos.
• Produzir textos baseados nas conclusões possíveis, baseando-se em dados representados em tabelas e gráficos.","CE: 1, 2 e 6
CG: 4 e 7",EF05MA25,"Semelhante ao proposto na habilidade EF04MA27, esta habilidade prioriza as conclusões obtidas a partir da análise dos dados apresentados por uma tabela ou gráfico, que podem ser expressas através de um texto. Os contextos sugeridos no corpo da habilidade, como saúde e trânsito, podem contribuir para as inter-relações entre as diferentes áreas do conhecimento e dar maior significado ao objeto de estudo desenvolvido na habilidade."
EF05MA25,Ensino Fundamental,05,,Matemática,25,"Realizar pesquisa envolvendo variáveis categóricas e numéricas, organizar dados coletados por meio de tabelas, gráficos de colunas, pictóricos e de linhas, com e sem uso de tecnologias digitais, e apresentar texto escrito sobre a finalidade da pesquisa e a síntese dos resultados.",Probabilidade e estatística,"Leitura, coleta, classificação interpretação e representação de dados em tabelas de dupla entrada, gráfico de colunas agrupadas, gráficos pictóricos e gráfico de linhas",,,,,,,
EF06CI01,Ensino Fundamental,06,,Ciências,01,"Classificar como homogênea ou heterogênea a mistura de dois ou mais materiais (água e sal, água e óleo, água e areia etc.).",Matéria e energia,Separação de materiais,sim,AF,EF04CI01,"• Classificar misturas em homogêneas ou heterogêneas de acordo com seus aspectos visuais.
• Identificar visualmente a formação de misturas.
• Determinar a quantidade de fases em uma mistura heterogênea.","CE: 2
CG: 2",EF06CI03,"Nessa habilidade, classificar significa que o estudante precisará observar e caracterizar misturas, tanto aquelas que estão presentes na vida cotidiana quanto as que podem ser criadas com materiais conhecidos pelo estudante, como água, óleo, sal, álcool, açúcar etc. Pode-se solicitar que o estudante observe as propriedades da mistura e de seus componentes. Atividades experimentais devem ser estruturadas de acordo com o processo de investigação científica."
EF06CI02,Ensino Fundamental,06,,Ciências,02,"Identificar evidências de transformações químicas a partir do resultado de misturas de materiais que originam produtos diferentes dos que foram misturados (mistura de ingredientes para fazer um bolo, mistura de vinagre com bicarbonato de sódio etc.).",Matéria e energia,Materiais sintéticos,sim,AF,,"• Observar e relatar evidências (mudança de cor, aquecimento, liberação de gases, entre outras) em transformações químicas.
• Explicar a ocorrência de transformações químicas com base em evidências.
• Diferenciar transformações químicas de transformações físicas e misturas.","CE: 2 e 3
CG: 2",,"Essa habilidade estimula a consolidação do pensamento científico através da observação de fenômenos, do levantamento de hipóteses e do uso de evidências através da experimentação para construir explicações. Essas ações devem ser contempladas nas atividades desenvolvidas em sala de aula. É importante estimular a elaboração de modelos explicativos e de investigação sobre evidências que apontem se houve ou não a transformação química."
EF06CI03,Ensino Fundamental,06,,Ciências,03,"Selecionar métodos mais adequados para a separação de diferentes sistemas heterogêneos a partir da identificação de processos de separação de materiais (como a produção de sal de cozinha, a destilação de petróleo, entre outros).",Matéria e energia,Transformações químicas,sim,AF,EF04CI01,"• Identificar as propriedades em que se baseiam os principais métodos de separação de misturas e aplicá-los em situações-problema.
• Propor a aplicação de métodos de separação para melhorar o uso de recursos naturais na escola e na comunidade.
• Identificar processos de separação de materiais empregados na indústria e na vida cotidiana.","CE: 2, 3 e 8
CG: 2",EF06CI04,"O desenvolvimento dos ODS 6 e 11 estão relacionados com a possibilidade de promover intervenção na comunidade, por meio da elaboração de campanhas e projetos de coleta seletiva, para a separação e destinação adequadas de materiais."
EF06CI04,Ensino Fundamental,06,,Ciências,04,"Associar a produção de medicamentos e outros materiais sintéticos ao desenvolvimento científico e tecnológico, reconhecendo benefícios e avaliando impactos socioambientais.",Matéria e energia,Transformações químicas,,,,,,,
EF06CI05,Ensino Fundamental,06,,Ciências,05,Explicar a organização básica das células e seu papel como unidade estrutural e funcional dos seres vivos.,Vida e evolução,Interação entre os sistemas locomotor e nervoso,sim,AF,,"• Reconhecer a célula como unidade básica estrutural e funcional de todos os seres vivos.
• Identificar os componentes básicos das células animais e vegetais.
• Comparar a organização de células animais e vegetais.","CE: 2
CG: 2 e 4",,"O estudante deve identificar a estrutura básica das células, reconhecer a teoria celular e diferenciar seres unicelulares e pluricelulares. É importante que ele possa relacionar os níveis de organização da vida e sua composição celular às escalas de tamanho utilizadas para o mundo micro e macroscópico. O uso de modelos, físicos ou digitais, pode ajudar o estudante a observar e estabelecer relação de tamanho das organelas que compõem as células."
EF06CI06,Ensino Fundamental,06,,Ciências,06,"Concluir, com base na análise de ilustrações e/ou modelos (físicos ou digitais), que os organismos são um complexo arranjo de sistemas com diferentes níveis de organização.",Vida e evolução,Lentes corretivas,sim,AF,EF04CI08,"• Caracterizar e comparar seres unicelulares e pluricelulares, além dos diferentes tipos de célula.
• Interpretar esquemas e imagens que representem os níveis de organização dos seres vivos (de átomos a organismos).","CE: 2 e 6
CG: 2 e 4",,"Para o desenvolvimento dessa habilidade, é fundamental usar modelos de duas ou três dimensões, físicos ou digitais. O aluno deve identificar diferentes níveis de organização: os átomos, as moléculas, a célula, os órgãos e os sistemas que compõe os seres vivos, de preferência sob uma perspectiva evolutiva, que o permita agrupá-los e classificá-los de acordo com características comuns nessa organização. Pode ser proposto ao estudante criar seu próprio modelo. Com o resultado, é esperado que os estudantes consigam fazer deduções sobre a diversidade da vida."
EF06CI07,Ensino Fundamental,06,,Ciências,07,"Justificar o papel do sistema nervoso na coordenação das ações motoras e sensoriais do corpo, com base na análise de suas estruturas básicas e respectivas funções.",Vida e evolução,Lentes corretivas,sim,AF,EF06CI06,"• Identificar as estruturas básicas do sistema nervoso.
• Explicar a função das estruturas básicas do sistema nervoso.
• Reconhecer o papel do sistema nervoso na coordenação e no controle do organismo com base no estudo de suas células, estruturas e mecanismo de transmissão de impulsos nervosos.","CE: 5 e 7
CG: 2, 7 e 8","EF06CI08, EF06CI09 e EF06CI10","Esse tema se conecta com o Objetivo de Desenvolvimento Sustentável (ODS) 3, relativo a saúde e bem-estar. O aluno deve fazer investigações para identificar as estruturas do sistema nervoso e explicar seu funcionamento (atos voluntários e reflexos, estímulos, receptores e sensações). Podem ser elaboradas atividades sobre as diversas fontes e tipos de estímulos (químico, mecânico, térmico e luminoso). Também podem ser promovidos debates mediados sobre danos causados pelo uso de substâncias psicoativas."
EF06CI08,Ensino Fundamental,06,,Ciências,08,"Explicar a importância da visão (captação e interpretação das imagens) na interação do organismo com o meio e, com base no funcionamento do olho humano, selecionar lentes adequadas para a correção de diferentes defeitos da visão.",Vida e evolução,Lentes corretivas,,,,,,,
EF06CI09,Ensino Fundamental,06,,Ciências,09,"Deduzir que a estrutura, a sustentação e a movimentação dos animais resultam da interação entre os sistemas muscular, ósseo e nervoso.",Vida e evolução,Lentes corretivas,,,,,,,
EF06CI10,Ensino Fundamental,06,,Ciências,10,Explicar como o funcionamento do sistema nervoso pode ser afetado por substâncias psicoativas.,Vida e evolução,Lentes corretivas,,,,,,,
EF06CI11,Ensino Fundamental,06,,Ciências,11,Identificar as diferentes camadas que estruturam o planeta Terra (da estrutura interna à atmosfera) e suas principais características.,Terra e Universo,"Forma, estrutura e movimentos da Terra",sim,AF,EF03CI07,"• Identificar as camadas da Terra em desenhos e esquemas gráficos.
• Caracterizar as camadas do planeta Terra, desde as três camadas internas mais básicas (crosta, manto e núcleo) até a atmosfera.
• Descrever a composição e as propriedades das camadas que estruturam o planeta Terra.
• Comparar a extensão das camadas estruturais em relação ao raio da Terra.","CE: 2 e 3
CG: 1 e 2",EF06CI12 e EF06CI13,"Esta habilidade inclui reconhecer, diferenciar e descrever as caractéristicas da atmosfera, crosta, manto e núcleo, inclusive de sua composição e espessura. Pode-se debater o impacto do desenvolvimento científico na identificação e representação dessas características. O tema pode ser aprofundado com a elaboração de diagramas ou modelos pelo aluno a partir de informações sobre as camadas da Terra, com indicação das fontes utilizadas."
EF06CI12,Ensino Fundamental,06,,Ciências,12,"Identificar diferentes tipos de rocha, relacionando a formação de fósseis a rochas sedimentares em diferentes períodos geológicos.",Terra e Universo,"Forma, estrutura e movimentos da Terra",,,,,,,
EF06CI13,Ensino Fundamental,06,,Ciências,13,Selecionar argumentos e evidências que demonstrem a esfericidade da Terra.,Terra e Universo,"Forma, estrutura e movimentos da Terra",,,,,,,
EF06CI14,Ensino Fundamental,06,,Ciências,14,"Inferir que as mudanças na sombra de uma vara (gnômon) ao longo do dia em diferentes períodos do ano são uma evidência dos movimentos relativos entre a Terra e o Sol, que podem ser explicados por meio dos movimentos de rotação e translação da Terra e da inclinação de seu eixo de rotação em relação ao plano de sua órbita em torno do Sol.",Terra e Universo,"Forma, estrutura e movimentos da Terra",sim,AF,EF05CI11,"• Reconhecer o movimento das sombras projetadas pelo Sol ao longo do dia.
• Associar o movimento aparente diurno do Sol ao movimento das sombras.
• Reconhecer que o movimento diurno aparente do Sol é causado pelo movimento de rotação da Terra.
• Associar a variação do comprimento da sombra de objeto ao longo de um ano com o movimento aparente anual do Sol.
• Representar o movimento da sombra de um objeto projetada pelo Sol ao longo de um dia e o movimento de rotação da Terra.
• Reconhecer o movimento de rotação da Terra como a causa do fenômeno do dia e da noite.","CE: 2, 3 e 5
CG: 2 e 7",EF06CI13,"A  habilidade pressupõe que o aluno reconheça e explique os movimentos de rotação e translação. Inferir, nesta habilidade, envolve identificar, registrar e comparar as mudanças na projeção da sombra de um gnômon em distintos períodos de tempo, relacionando os dados obtidos à observação da posição do Sol e aos movimentos da Terra. Espera-se, ainda, que, com base nessas evidências, o aluno  possa inferir, interpretar e explicar modelos representativos sobre a esfericidade da Terra. Os resultados do experimento também podem ser correlacionados à localização e às variações da radiação solar da região onde ele foi realizado."
EF06ER01,Ensino Fundamental,06,,Ensino Religioso,01,"Reconhecer o papel da tradição escrita na preservação de memórias, acontecimentos e ensinamentos religiosos.",Crenças religiosas e filosofias de vida,Tradição escrita: registro dos ensinamentos sagrados,,,,,,,
EF06ER02,Ensino Fundamental,06,,Ensino Religioso,02,"Reconhecer e valorizar a diversidade de textos religiosos escritos (textos do Budismo, Cristianismo, Espiritismo, Hinduísmo, Islamismo, Judaísmo, entre outros).",Crenças religiosas e filosofias de vida,Tradição escrita: registro dos ensinamentos sagrados,,,,,,,
EF06ER03,Ensino Fundamental,06,,Ensino Religioso,03,"Reconhecer, em textos escritos, ensinamentos relacionados a modos de ser e viver.",Crenças religiosas e filosofias de vida,Ensinamentos da tradição escrita,,,,,,,
EF06ER04,Ensino Fundamental,06,,Ensino Religioso,04,Reconhecer que os textos escritos são utilizados pelas tradições religiosas de maneiras diversas.,Crenças religiosas e filosofias de vida,Ensinamentos da tradição escrita,,,,,,,
EF06ER05,Ensino Fundamental,06,,Ensino Religioso,05,Discutir como o estudo e a interpretação dos textos religiosos influenciam os adeptos a vivenciarem os ensinamentos das tradições religiosas.,Crenças religiosas e filosofias de vida,Ensinamentos da tradição escrita,,,,,,,
EF06ER06,Ensino Fundamental,06,,Ensino Religioso,06,"Reconhecer a importância dos mitos, ritos, símbolos e textos na estruturação das diferentes crenças, tradições e movimentos religiosos.",Crenças religiosas e filosofias de vida,"Símbolos, ritos e mitos religiosos",,,,,,,
EF06ER07,Ensino Fundamental,06,,Ensino Religioso,07,"Exemplificar a relação entre mito, rito e símbolo nas práticas celebrativas de diferentes tradições religiosas.",Crenças religiosas e filosofias de vida,"Símbolos, ritos e mitos religiosos",,,,,,,
EF06GE01,Ensino Fundamental,06,,Geografia,01,Comparar modificações das paisagens nos lugares de vivência e os usos desses lugares em diferentes tempos.,O sujeito e seu lugar no mundo,Identidade sociocultural,,,,,,,
EF06GE02,Ensino Fundamental,06,,Geografia,02,"Analisar modificações de paisagens por diferentes tipos de sociedade, com destaque para os povos originários.",O sujeito e seu lugar no mundo,Identidade sociocultural,,,,,,,
EF06GE03,Ensino Fundamental,06,,Geografia,03,"Descrever os movimentos do planeta e sua relação com a circulação geral da atmosfera, o tempo atmosférico e os padrões climáticos.",Conexões e escalas,Relações entre os componentes físico-naturais,,,,,,,
EF06GE04,Ensino Fundamental,06,,Geografia,04,"Descrever o ciclo da água, comparando o escoamento superficial no ambiente urbano e rural, reconhecendo os principais componentes da morfologia das bacias e das redes hidrográficas e a sua localização no modelado da superfície terrestre e da cobertura vegetal.",Conexões e escalas,Relações entre os componentes físico-naturais,,,,,,,
EF06GE05,Ensino Fundamental,06,,Geografia,05,"Relacionar padrões climáticos, tipos de solo, relevo e formações vegetais.",Conexões e escalas,Relações entre os componentes físico-naturais,,,,,,,
EF06GE06,Ensino Fundamental,06,,Geografia,06,Identificar as características das paisagens transformadas pelo trabalho humano a partir do desenvolvimento da agropecuária e do processo de industrialização.,Mundo do trabalho,Transformação das paisagens naturais e antrópicas,sim,AF,,"• Reconhecer mudanças nas paisagens rurais ocasionadas pelo desenvolvimento da agropecuária e extrativismo, identificando tipos de produção e técnicas de trabalho utilizadas nestas atividades econômicas.
• Reconhecer mudanças nas paisagens urbanas ocasionadas pelo desenvolvimento industrial e do setor de comércio e serviços, identificando tipos de indústria e técnicas de trabalho utilizadas nestas atividades econômicas.","CG: 1 e 2
CE: 1, 2 e 3
CA: 3, 5 e 7","AC:
-  EF06GE02:   amplia o conhecimento da AF.
AF:
- EF06GE08: pode ser desenvolvida junto à AF.
- EF06GE09: pode ser desenvolvida junto à AF.","Vale propor atividades a partir das quais o estudante reconheça que as sociedades humanas estabelecem diferentes interações com a natureza por meio do trabalho.  Cada atividade econômica tem características próprias e pode ser realizada em espaços urbanos e  rurais (que possuem uma relação de interdependência). O desenvolvimento dessa habilidade permite trabalhar com o princípio de raciocínio geográfico de diferenciação de áreas. Pode-se distinguir diferentes tipos de agrossistema ou sistema agrário, optando-se por analisar alguns que estejam relacionados à utilização da terra (agropecuária extensiva ou intensiva), ao objetivo da produção (agropecuária comercial e de subsistência) e/ou aos tipos de tecnologia aplicados (tradicional, moderna e alternativa). Em relação ao extrativismo, pode-se diferenciar seus tipos (animal, vegetal e minera) ou suas formas (de coleta e predatório). Já em relação às indústrias, podem ser propostas atividades  de classificação de acordo com a  finalidade de produção ou ao grau de desenvolvimento tecnológico (tradicionais, modernas e de alta tecnologia). Também é essencial que o estudante diferencie as atividades de comércio das de prestação de serviços, reconhecendo a importância desses setores nas ofertas de trabalho no mundo e no Brasil atualmente, estando concentrados nas áreas urbanas. Essa habilidade permite aproximação com os ODS  2, 8 e 9."
EF06GE07,Ensino Fundamental,06,,Geografia,07,Explicar as mudanças na interação humana com a natureza a partir do surgimento das cidades.,Mundo do trabalho,Transformação das paisagens naturais e antrópicas,sim,AF,EF05GE03,"• Identificar razões que levaram à formação dos primeiros aldeamentos e cidades.
• Comparar características das primeiras cidades surgidas no mundo com cidades da contemporaneidade.
• Apontar principais razões que levam ao crescimento das cidades e a alta taxa de urbanização no mundo e suas consequências em relação à transformação das paisagens naturais.","CG: 1, 2  e 7
CE: 3, 6 e 7
CA: 2, 6 e 7","AF:
- EF06GE08: pode ser desenvolvida junto à AF.
- EF06GE09: pode ser desenvolvida junto à AF.
- EF06HI09: amplia o conhecimento da AF.","O desenvolvimento dessa habilidade permite ao estudante identificar as origens dessa importante forma de organização espacial, onde habita hoje a maior parte da população mundial: as cidades. A habilidade permite trabalhar as razões do surgimento das primeiras cidades  e locais onde surgem (grande parte delas próximas a grandes rios). Importa também desenvolver atividades nas quais se façam interpretações sobre as razões do processo de urbanização ter se intensificado ao longo do tempo, sobretudo, no século XX e do atual, XXI. Importa que o estudante reconheça que o fenômeno da urbanização consiste na transformação de espaços naturais ou rurais em espaços urbanos. Tal processo vem acompanhado de uma transferência expressiva da população do campo para a cidade e de inúmeros impactos socioambientais. Nesse sentido, essa habilidade permite abordar o ODS  11.
Pode-se realizar um trabalho conjunto com o componente História a partir da habilidade (EF06HI09) que aborda o desenvolvimento da temática das cidades na Antiguidade."
EF06GE08,Ensino Fundamental,06,,Geografia,08,Medir distâncias na superfície pelas escalas gráficas e numéricas dos mapas.,Formas de representação e pensamento espacial,Fenômenos naturais e sociais representados de diferentes maneiras,sim,AF,"EF05MA12,  EF05GE08e EF05GE09","• Reconhecer a importância da cartografia para as análises espaciais dos fenômenos.
• Identificar os principais elementos do mapa  (título, legenda, escala, rosa dos ventos e fonte), reconhecendo a função de cada um deles.
• Diferenciar escala gráfica e numérica.
• Interpretar diferentes tipos de mapa (políticos, físicos e temáticos).","CG: 1 e 4
CE: 3 e 5
CA: 2 e 7","AF:
- EF06GE06: pode ser desenvolvida junto à AF.
- EF06GE07: pode ser desenvolvida junto à AF.
- EF06GE11: pode ser desenvolvida junto à AF.
- EF06HI01: amplia o conhecimento da AF.","Essa habilidade está relacionada com um dos principais elementos cartográficos constitutivos de um mapa: a escala (gráfica e numérica). Para desenvolvê-la, pode-se, primeiramente, propor atividades que ressaltem: a importância do mapa para a ciência geográfica, os tipos e sistemas de orientação e os principais elementos de um mapa. Daí a justificativa de realizar um trabalho mais aprofundado com a questão da escala, que é a ferramenta que indica quantas vezes as proporções reais do terreno (a realidade) foram reduzidas em uma representação gráfica como um mapa ou planta cartográfica. Para aprofundar essa questão,  pode-se realizar um trabalho interdisciplinar com o componente Matemática. Também é importante retomar um trabalho de distinção e a análise dos diferentes tipos de mapa, os quais devem acompanhar as demais habilidades desse respectivo ano e dos anos seguintes.
Ao desenvolver as noções de escala, é possível estabelecer a articulação com a habilidade EF06HI01 do componente História, permitindo compreender também as diferentes escalas de medição do tempo."
EF06GE09,Ensino Fundamental,06,,Geografia,09,"Elaborar modelos tridimensionais, blocos-diagramas e perfis topográficos e de vegetação, visando à representação de elementos e estruturas da superfície terrestre.",Formas de representação e pensamento espacial,Fenômenos naturais e sociais representados de diferentes maneiras,sim,AF/AC,EF05GE08 e EF05GE09,"• Interpretar e/ou elaborar representações bidimensionais e tridimensionais que evidenciem diferentes formas e altitudes do relevo.
• Interpretar e/ou elaborar blocos-diagramas relacionados a componentes e dinâmicas físico-naturais (como escoamento das águas superficiais e subterrâneas, agentes internos e externos da Terra, entre outros).
• Interpretar perfil de vegetação a fim de evidenciar a estratificação de diferentes formações vegetais.","CG: 1 e 4
CE: 3 e 5
CA: 2 e 7","AF:
- EF06GE11: pode ser desenvolvida junto à AF.
- EF06GE12: pode ser desenvolvida junto à AF.","Um aspecto importante a ser trabalhado ao longo do desenvolvimento da alfabetização cartográfica no Ensino Fundamental é a diferenciação de representações bidimensionais da superfície terrestre (os perfis topográficos) de representações tridimensionais. A construção de maquetes, por exemplo, permite ao estudante explorar, além da questão da proporcionalidade, diferentes pontos de vista e perspectivas (os tipos de visão). Essas formas de representação tridimensionais possibilitam desenvolver um domínio visual e até sensorial do espaço geográfico, propiciando uma maior reflexão sobre suas características naturais e formas de transformação antrópica."
EF06GE10,Ensino Fundamental,06,,Geografia,10,"Explicar as diferentes formas de uso do solo (rotação de terras, terraceamento, aterros etc.) e de apropriação dos recursos hídricos (sistema de irrigação, tratamento e redes de distribuição), bem como suas vantagens e desvantagens em diferentes épocas e lugares.","Natureza, ambientes e qualidade de vida",Biodiversidade e ciclo hidrológico,,,,,,,
EF06GE11,Ensino Fundamental,06,,Geografia,11,"Analisar distintas interações das sociedades com a natureza, com base na distribuição dos componentes físico-naturais, incluindo as transformações da biodiversidade local e do mundo.","Natureza, ambientes e qualidade de vida",Biodiversidade e ciclo hidrológico,sim,AF,,"• Identificar aspectos físico-naturais referentes a relevo, solo, clima e vegetação do planeta, estabelecendo relações entre eles.
• Refletir, por meio de exemplos, sobre como diferentes sociedades se relacionam com a natureza e transformam os ambientes naturais e as paisagens.
• Identificar as principais causas e consequências de fenômenos antrópicos que alteram a dinâmica climática e ações possíveis para minimizar esses fenômenos.
• Reconhecer as principais ações antrópicas que vêm favorecendo a devastação de diversas formações vegetais do mundo, identificando formas de preservação da biodiversidade em níveis mundial e local.","CG: 1, 2 e 9
CE: 1, 3, 5 e 7
CA: 2 e 7","AC:
-  EF06GE01:  amplia o conhecimento da AF.
-  EF06GE02:  pode ser desenvolvida junto à AF.
-  EF06GE03:  pode ser desenvolvida junto à AF.
-  EF06GE05:  amplia o conhecimento da AF.
- EF06GE10:  amplia o conhecimento da AF.
- EF06GE13: pode ser desenvolvida junto à AF.
AF:
- EF06GE08: pode ser desenvolvida junto à AF.
- EF06GE09: pode ser desenvolvida junto à AF.
- EF06HI01: amplia o conhecimento da AF.
- EF06HI04: amplia o conhecimento da AF.","Essa habilidade possibilita o desenvolvimento de análises de diferentes interações do homem com a natureza e com o espaço geográfico a partir da escala local até a global. Inicialmente é importante desenvolver atividades de identificação dos elementos físico-naturais da Terra, dando um enfoque para a questão climática. Vale propor atividades que relacionem os diferentes climas do planeta, com a inclinação da Terra e demais elementos que contribuem para classificá-los. Outra abordagem possível, é analisar as consequências das práticas humanas no equlíbrio da dinâmica climática (por exemplo, os fenômenos da ilha de calor, a inversão térmica, entre outros) e, principalmente, as principais questões relacionadas ao aquecimento global.                                                                                                                                                                  Pode-se, também, propor atividades de caracterização da biodiversidade, indicar em quais áreas do mundo é maior, bem como indicar algumas estratégias de sua conservação. A habilidade contribui para a reflexão sobre o ODS 15. Nesse sentido, interessa apresentar  atividades que levem os alunos a reconhecer e sugerir ações possíveis para minimizar as consequências dos fenômenos climáticos antrópicos, mencionando: novas tecnologias e alternativas energéticas, novas práticas de consumo, novos materiais de construção e usos sustentáveis dos recursos naturais e dos espaço urbano e rural (habilidade EF06HI01).  Ao trabalhar as características físico-naturais da superfície terrestre, pode-se ressaltar ainda a questão do tempo geológico e do longo tempo de formação de elementos naturais e realizar um trabalho integrado com o componente História no desenvolvimento de atividades que permitam  reconhecer processos de modificações realizadas na paisagem por diferentes sociedades e povos ao longo de diferentes períodos. (EF06HI04)"
EF06GE12,Ensino Fundamental,06,,Geografia,12,"Identificar o consumo dos recursos hídricos e o uso das principais bacias hidrográficas no Brasil e no mundo, enfatizando as transformações nos ambientes urbanos.","Natureza, ambientes e qualidade de vida",Biodiversidade e ciclo hidrológico,sim,AF,,"• Elencar as principais partes que formam os rios e as bacias hidrográficas.
• Comparar o escoamento de águas superficiais em uma área rural (com presença de vegetação) e em uma área urbana (com alto grau de impermeabilização do solo).
• Indicar diferentes usos dos recursos hídricos pelas pessoas, explicando diversos impactos socioambientais  decorrentes desses usos.
• Identificar formas de conservação dos recursos hídricos em espaços rurais e urbanos.","CG: 1 e 2
CE: 1, 3, 6 e 7
CA: 3 e 7","AC:
- EF06GE04: pode ser desenvolvida junto à AF.
- EF06GE10:   pode ser desenvolvida junto à AF.
AF:
- EF06GE09: pode ser desenvolvida junto à AF.","No desenvolvimento dessa habilidade, é possivel propor atividades de: reconhecimento da desigual distribuição de água doce no planeta, dificuldades no seu acesso, consumo excessivo em algumas localidades e suas motivações. É importante tratar o processo de formação das bacias hidrográficas e dos rios, além de identificar os diversos usos e funções que podem ter ( abastecimento, irrigação, transporte de pessoas e mercadorias, produção de energia elétrica, pesca, lazer e recreação). Outro aspecto relevante que pode ser abordado é a identificação das principais formas de poluição das águas superficiais e subterrâneas, elencando também, ações possíveis de despoluição e conservação das águas. Essa habilidade permite abordar o ODS 6."
EF06GE13,Ensino Fundamental,06,,Geografia,13,"Analisar consequências, vantagens e desvantagens das práticas humanas na dinâmica climática (ilha de calor etc.).","Natureza, ambientes e qualidade de vida",Atividades humanas e dinâmica climática,,,,,,,
EF06HI01,Ensino Fundamental,06,,História,01,Identificar diferentes formas de compreensão da noção de tempo e de periodização dos processos históricos (continuidades e rupturas).,"História: tempo, espaço e formas de registros","A questão do tempo, sincronias e diacronias: reflexões sobre o sentido das cronologias",sim,AF,EF05HI07,"• Identificar e analisar diferentes noções de tempo.
• Construir os conceitos de sincronia e de diacronia e identificá-los no estudo de contextos específicos.
• Problematizar o sentido da cronologia linear.","CG: 1 e 2
CA: 2, 4 e 5
CE: 2 e 6","AF:
- EF06GE11: amplia o conhecimento da AF.
- EF06GE08: amplia o conhecimento da AF.","Ao se trabalhar características físico-naturais da superfície terrestre no componente Geografia (EF06GE11), pode-se sublinhar a questão do tempo geológico e do longo tempo de formação dos elementos naturais, como as massas continentais e marítimas e as formas de relevo, por exemplo. Sugere-se como ferramenta pedagógica o curta-metragem alemão Das Rad (dirigido por Chris Stenner, Arvid Uibel e Heidi Wittlinger), pois possibilita a percepção do estudante das noções de tempo: o histórico e o geológico. É possível ainda, trabalhar a habilidade (EF06GE08), e desenvolver as noções de escala (das escalas de tempo histórico e geológico)."
EF06HI02,Ensino Fundamental,06,,História,02,Identificar a gênese da produção do saber histórico e analisar o significado das fontes que originaram determinadas formas de registro em sociedades e épocas distintas.,"História: tempo, espaço e formas de registros",Formas de registro da história e da produção do conhecimento histórico,sim,AF,EF05HI07,"• Identificar as formas de registro utilizadas na produção do saber histórico.
• Identificar aspectos e formas de registro das sociedades antigas na África (egípcios), no Oriente Médio (mesopotâmicos) e nas Américas, distinguindo alguns significados presentes na cultura material e na tradição oral dessas sociedades.","CG: 1 e 2
CA: 2 e 6
CE: 2 e 3","AC:
 - EF06HI07: pode ser desenvolvida junto à AF.","Essa habilidade possibilita um trabalho articulado com a Arqueologia, por meio da proposta de atividades que evidenciem ao estudante a importância da cultura material como veículo de construção do saber e do conhecimento histórico, a partir do estudo dos povos e das sociedades antigas. É importante destacar a importância da tradição oral às sociedades antigas e, dessa forma, para a própria produção histórica.
Como atividade prática, é possível propor dinâmicas em que o estudante possa analisar objetos pessoais, como simulação de vestígios do passado, orientadas por um roteiro. Essa análise pode ser realizada com qualquer outro registro material, tal como: ilustrações, fotografias, vestuários, utensílios, documentos escritos, entre outros.
Dica de material complementar: a série de vídeos “Grandes Civilizações”, 2009 - TV Escola (disponível no youtube), aborda os principais eventos, fenômenos e personagens históricos do mundo antigo (povos egípcios e mesopotâmicos) com uma linguagem adequada ao 6º ano."
EF06HI03,Ensino Fundamental,06,,História,03,Identificar as hipóteses científicas sobre o surgimento da espécie humana e sua historicidade e analisar os significados dos mitos de fundação.,"História: tempo, espaço e formas de registros","As origens da humanidade, seus deslocamentos e os processos de sedentarização",,,,,,,
EF06HI04,Ensino Fundamental,06,,História,04,Conhecer as teorias sobre a origem do homem americano.,"História: tempo, espaço e formas de registros","As origens da humanidade, seus deslocamentos e os processos de sedentarização",sim,AF,EF05HI01,"• Identificar as hipóteses científicas sobre o surgimento da espécie humana e sua historicidade e analisar os significados dos mitos de fundação.
• Identificar geograficamente as rotas de povoamento do homem no território americano: seus deslocamentos e os processos de sedentarização.
• Descrever modificações da natureza e da paisagem realizadas por diferentes tipos de sociedade, com destaque para os povos indígenas originários e povos africanos, e discutir a natureza e a lógica das transformações ocorridas.","CG: 1 e 2
CA: 2 e 4
CE: 3, 5 e 6","AC:
- EF06HI03: pode ser desenvolvida junto à AF.
- EF06HI06: pode ser desenvolvida junto à AF.
- EF06HI05: pode ser desenvolvida junto à AF.
AF:
- EF06GE11: amplia o conhecimento da AF.","Há possibilidade de trabalho conjunto com o componente Geografia (EF06GE11), no desenvolvimento das categorias-chave de espaço e território, sobretudo em atividades que solicitam ao estudante reconhecer processos de modificações realizadas na natureza e na paisagem por diferentes sociedades e povos. Como possibilidade de prática e como ponto de partida, pode-se propor o estudo das rotas de povoamento do homem no território americano, solicitando ao estudante a reprodução desses trajetos em mapas (em papel ou digitais) e, sugere-se, usar a sinalização com cores (lápis de cor ou caneta hidrográfica) para evidenciar os trajetos suscitados. Lembrando que esses mapas poderão contemplar outros trajetos e caminhos, que serão levantados com base na leitura de outras abordagens e hipóteses científicas do processo de povoamento da América."
EF06HI05,Ensino Fundamental,06,,História,05,"Descrever modificações da natureza e da paisagem realizadas por diferentes tipos de sociedade, com destaque para os povos indígenas originários e povos africanos, e discutir a natureza e a lógica das transformações ocorridas.","História: tempo, espaço e formas de registros","As origens da humanidade, seus deslocamentos e os processos de sedentarização",,,,,,,
EF06HI06,Ensino Fundamental,06,,História,06,Identificar geograficamente as rotas de povoamento no território americano.,A invenção do mundo clássico e o contraponto com outras sociedades,"Povos da Antiguidade na África (egípcios), no Oriente Médio (mesopotâmicos) e nas Américas (pré-colombianos)",,,,,,,
EF06HI07,Ensino Fundamental,06,,História,07,"Identificar aspectos e formas de registro das sociedades antigas na África, no Oriente Médio e nas Américas, distinguindo alguns significados presentes na cultura material e na tradição oral dessas sociedades.",A invenção do mundo clássico e o contraponto com outras sociedades,"Povos da Antiguidade na África (egípcios), no Oriente Médio (mesopotâmicos) e nas Américas (pré-colombianos)",,,,,,,
EF06HI08,Ensino Fundamental,06,,História,08,"Identificar os espaços territoriais ocupados e os aportes culturais, científicos, sociais e econômicos dos astecas, maias e incas e dos povos indígenas de diversas regiões brasileiras.",A invenção do mundo clássico e o contraponto com outras sociedades,Os povos indígenas originários do atual território brasileiro e seus hábitos culturais e sociais,,,,,,,
EF06HI09,Ensino Fundamental,06,,História,09,"Discutir o conceito de Antiguidade Clássica, seu alcance e limite na tradição ocidental, assim como os impactos sobre outras sociedades e culturas.",A invenção do mundo clássico e o contraponto com outras sociedades,O Ocidente Clássico: aspectos da cultura na Grécia e em Roma,sim,AF,NENHUMA,"• Explicar a formação da Grécia Antiga, com ênfase na formação da pólis e nas transformações políticas, sociais e culturais.
• Caracterizar o processo de formação da Roma Antiga e identificar suas configurações sociais e políticas nos períodos monárquico e republicano.
• Conceituar “império” no mundo antigo, com vistas à análise das diferentes formas de equilíbrio e desequilíbrio entre as partes envolvidas.","CG: 1 e 2
CA: 1, 4 e 5
CE: 2 e 6","AC:
- EF06HI10: pode ser desenvolvida junto à AF.
- EF06HI11: pode ser desenvolvida junto à AF.
- EF06HI13: pode ser desenvolvida junto à AF.
AF:
- EF06GE07: amplia o conhecimento da AF.","No componente Geografia, são trabalhadas, neste ano, as mudanças na interação humana, por meio da análise do surgimento das cidades (EF06GE07). Nesse sentido, é possível realizar um trabalho conjunto com o componente História, permitindo ao estudante comparar características dos primeiros aldeamentos e cidades com as formas e funções urbanas da pólis grega que se desenvolveram na península Balcânica.
Ao sugerir a exploração da mitologia como um aspecto estruturante das culturas gregas e romanas, é possível realizar a leitura de mitos, permitindo ao estudante conhecer diversas narrativas, presonagens e deuses. Pode-se propor a criação de jogos, tais como super trunfo (em que o estudante poderá escolher um deus grego ou romano, listar as suas principais características e atribuir qualidades) e jogos de tabuleiro (em que o estudante poderá construir e participar de todas as etapas de confecção: do roteiro e definição das regras até a construção de cartas, peças e tabuleiro). É possível também, desenvolver histórias em quadrinhos, em parceria com o componente Língua Portuguesa.
Dica de materiais complementares: a temática da Grécia Antiga pode ser abordada a partir do trailer e trechos do jogo ""Assassins Creed - Odyssey"" - Ubisoft, para que o estudante reconheça os seguintes aspectos: geográficos (litoral recortado e montanhoso), sociais (organização e divisão social), econômicos (comércio, navegação e feiras), culturais (objetos, arte, vestimentas, modo de vida), políticos (Ágora e os espaços públicos) e militar da pólis Atenas. Do mesmo modo, também é possível explorar aspectos da cidade-Estado Esparta, sobretudo a educação e a política militaristas. Sugere-se que se estabeleça procedimentos comparativos, para estimular o estudante reconhecer as semelhanças e as diferenças da civilização grega."
EF06HI10,Ensino Fundamental,06,,História,10,"Explicar a formação da Grécia Antiga, com ênfase na formação da pólis e nas transformações políticas, sociais e culturais.",Lógicas de organização política,"As noções de cidadania e política na Grécia e em Roma • Domínios e expansão das culturas grega e romana • Significados do conceito de “império” e as lógicas de conquista, conflito e negociação dessa forma de organização política As diferentes formas de organização política na África: reinos, impérios, cidades-estados e sociedades linhageiras ou aldeias",,,,,,,
EF06HI11,Ensino Fundamental,06,,História,11,Caracterizar o processo de formação da Roma Antiga e suas configurações sociais e políticas nos períodos monárquico e republicano.,Lógicas de organização política,"As noções de cidadania e política na Grécia e em Roma • Domínios e expansão das culturas grega e romana • Significados do conceito de “império” e as lógicas de conquista, conflito e negociação dessa forma de organização política As diferentes formas de organização política na África: reinos, impérios, cidades-estados e sociedades linhageiras ou aldeias",,,,,,,
EF06HI12,Ensino Fundamental,06,,História,12,Associar o conceito de cidadania a dinâmicas de inclusão e exclusão na Grécia e Roma antigas.,Lógicas de organização política,"As noções de cidadania e política na Grécia e em Roma • Domínios e expansão das culturas grega e romana • Significados do conceito de “império” e as lógicas de conquista, conflito e negociação dessa forma de organização política As diferentes formas de organização política na África: reinos, impérios, cidades-estados e sociedades linhageiras ou aldeias",,,,,,,
EF06HI13,Ensino Fundamental,06,,História,13,"Conceituar “império” no mundo antigo, com vistas à análise das diferentes formas de equilíbrio e desequilíbrio entre as partes envolvidas.",Lógicas de organização política,"As noções de cidadania e política na Grécia e em Roma • Domínios e expansão das culturas grega e romana • Significados do conceito de “império” e as lógicas de conquista, conflito e negociação dessa forma de organização política As diferentes formas de organização política na África: reinos, impérios, cidades-estados e sociedades linhageiras ou aldeias",,,,,,,
EF06HI14,Ensino Fundamental,06,,História,14,"Identificar e analisar diferentes formas de contato, adaptação ou exclusão entre populações em diferentes tempos e espaços.",Lógicas de organização política,A passagem do mundo antigo para o mundo medieval A fragmentação do poder político na Idade Média,sim,AF,EF05HI01 e EF05HI04,"• Associar o conceito de cidadania a dinâmicas de inclusão e exclusão na Grécia e Roma antigas.
• Caracterizar e comparar as dinâmicas de abastecimento e as formas de organização do trabalho e da vida social em diferentes sociedades e períodos, com destaque para as relações entre senhores e servos.
• Analisar o papel da religião cristã na cultura e nos modos de organização social no período medieval.
• Descrever e analisar os diferentes papéis sociais das mulheres no mundo antigo e nas sociedades medievais.","CG: 1, 2 e 9
CA: 2 e 5
CE: 4 e 6","AC:
- EF06HI12: pode ser desenvolvida junto à AF.
- EF06HI16: pode ser desenvolvida junto à AF.
- EF06HI18: pode ser desenvolvida junto à AF.
- EF06HI19: pode ser desenvolvida junto à AF.","Essa aprendizagem em foco permite desenvolver atividades analíticas sobre dinâmicas de inclusão e exclusão nos mundos antigo e medieval, podendo estabelecer relações comparativas com as sociedades contemporâneas. Como possibilidade de trabalho prático, é possível organizar mesas temáticas de debates sobre “cidadania”, “senhores e servos”, “religião cristã” e “mulheres”, em que o estudante, em um esquema de rodízio, poderá conhecer e analisar os critérios e as justificativas que permitiam esses processos de integração e dissensão, a fim de reconhecer e avaliar como esses mecanismos ainda operam na atualidade. Possibilita também, de modo mais específico, desenvolver projetos sobre a questão da mulher em diferentes contextos históricos, podendo ser articulado com o ODS 5.
(ATENÇÃO: a habilidade (EF05HI04), indicada como conhecimento prévio, aborda o conceito de cidadania. Entretanto, é importante ressaltar que a concepção desta é absolutamente moderna e contemporânea, diferente do conceito de cidadania tal como era entendido na Antiguidade Clássica, associado à noção de participação política. Desse modo, objetiva-se indicar uma possível ampliação da noção de cidadania.)"
EF06HI15,Ensino Fundamental,06,,História,15,"Descrever as dinâmicas de circulação de pessoas, produtos e culturas no Mediterrâneo e seu significado.",Lógicas de organização política,"O Mediterrâneo como espaço de interação entre as sociedades da Europa, da África e do Oriente Médio",,,,,,,
EF06HI16,Ensino Fundamental,06,,História,16,"Caracterizar e comparar as dinâmicas de abastecimento e as formas de organização do trabalho e da vida social em diferentes sociedades e períodos, com destaque para as relações entre senhores e servos.",Trabalho e formas de organização social e cultural,"Senhores e servos no mundo antigo e no medieval Escravidão e trabalho livre em diferentes temporalidades e espaços (Roma Antiga, Europa medieval e África) Lógicas comerciais na Antiguidade romana e no mundo medieval",,,,,,,
EF06HI17,Ensino Fundamental,06,,História,17,"Diferenciar escravidão, servidão e trabalho livre no mundo antigo.",Trabalho e formas de organização social e cultural,"Senhores e servos no mundo antigo e no medieval Escravidão e trabalho livre em diferentes temporalidades e espaços (Roma Antiga, Europa medieval e África) Lógicas comerciais na Antiguidade romana e no mundo medieval",,,,,,,
EF06HI18,Ensino Fundamental,06,,História,18,Analisar o papel da religião cristã na cultura e nos modos de organização social no período medieval.,Trabalho e formas de organização social e cultural,"O papel da religião cristã, dos mosteiros e da cultura na Idade Média",,,,,,,
EF06HI19,Ensino Fundamental,06,,História,19,Descrever e analisar os diferentes papéis sociais das mulheres no mundo antigo e nas sociedades medievais.,Trabalho e formas de organização social e cultural,"O papel da mulher na Grécia e em Roma, e no período medieval",,,,,,,
EF06LI01,Ensino Fundamental,06,,Língua Inglesa,01,"Interagir em situações de intercâmbio oral, demonstrando iniciativa para utilizar a língua inglesa.",Interação discursiva,Construção de laços afetivos e convívio social,,,,,,,
EF06LI02,Ensino Fundamental,06,,Língua Inglesa,02,"Coletar informações do grupo, perguntando e respondendo sobre a família, os amigos, a escola e a comunidade..",Interação discursiva,Construção de laços afetivos e convívio social,,,,,,,
EF06LI03,Ensino Fundamental,06,,Língua Inglesa,03,Solicitar esclarecimentos em língua inglesa sobre o que não entendeu e o significado de palavras ou expressões desconhecidas.,Interação discursiva,Funções e usos da língua inglesa em sala de aula ( Classroom language ),,,,,,,
EF06LI04,Ensino Fundamental,06,,Língua Inglesa,04,"Reconhecer, com o apoio de palavras cognatas e pistas do contexto discursivo, o assunto e as informações principais em textos orais sobre temas familiares.",Compreensão oral,Estratégias de compreensão de textos orais: palavras cognatas e pistas do contexto discursivo,,,,,,,
EF06LI05,Ensino Fundamental,06,,Língua Inglesa,05,"Aplicar os conhecimentos da língua inglesa para falar de si e de outras pessoas, explicitando informações pessoais e características relacionadas a gostos, preferências e rotinas.",Produção oral,"Produção de textos orais, com a mediação do professor",,,,,,,
EF06LI06,Ensino Fundamental,06,,Língua Inglesa,06,"Planejar apresentação sobre a família, a comunidade e a escola, compartilhando-a oralmente com o grupo.",Produção oral,"Produção de textos orais, com a mediação do professor",,,,,,,
EF06LI07,Ensino Fundamental,06,,Língua Inglesa,07,"Formular hipóteses sobre a finalidade de um texto em língua inglesa, com base em sua estrutura, organização textual e pistas gráficas.",Estratégias de leitura,Hipóteses sobre a finalidade de um texto,,,,,,,
EF06LI08,Ensino Fundamental,06,,Língua Inglesa,08,"Identificar o assunto de um texto, reconhecendo sua organização textual e palavras cognatas.",Estratégias de leitura,"Compreensão geral e específica: leitura rápida ( skimming , scanning )",,,,,,,
EF06LI09,Ensino Fundamental,06,,Língua Inglesa,09,Localizar informações específicas em texto.,Estratégias de leitura,"Compreensão geral e específica: leitura rápida ( skimming , scanning )",,,,,,,
EF06LI10,Ensino Fundamental,06,,Língua Inglesa,10,Conhecer a organização de um dicionário bilíngue (impresso e/ou on-line) para construir repertório lexical.,Práticas de leitura e construção de repertório lexical,Construção de repertório lexical e autonomia leitora,,,,,,,
EF06LI11,Ensino Fundamental,06,,Língua Inglesa,11,Explorar ambientes virtuais e/ou aplicativos para construir repertório lexical na língua inglesa.,Práticas de leitura e construção de repertório lexical,Construção de repertório lexical e autonomia leitora,,,,,,,
EF06LI12,Ensino Fundamental,06,,Língua Inglesa,12,"Interessar-se pelo texto lido, compartilhando suas ideias sobre o que o texto informa/comunica.",Atitudes e disposições favoráveis do leitor,"Partilha de leitura, com mediação do professor",,,,,,,
EF06LI13,Ensino Fundamental,06,,Língua Inglesa,13,"Listar ideias para a produção de textos, levando em conta o tema e o assunto.",Estratégias de escrita: pré-escrita,Planejamento do texto: brainstorming,,,,,,,
EF06LI14,Ensino Fundamental,06,,Língua Inglesa,14,"Organizar ideias, selecionando-as em função da estrutura e do objetivo do texto.",Estratégias de escrita: pré-escrita,Planejamento do texto: organização de ideias,,,,,,,
EF06LI15,Ensino Fundamental,06,,Língua Inglesa,15,"Produzir textos escritos em língua inglesa (histórias em quadrinhos, cartazes, chats, blogues, agendas, fotolegendas, entre outros), sobre si mesmo, sua família, seus amigos, gostos, preferências e rotinas, sua comunidade e seu contexto escolar.",Práticas de escrita,"Produção de textos escritos, em formatos diversos, com a mediação do professor",,,,,,,
EF06LI16,Ensino Fundamental,06,,Língua Inglesa,16,Construir repertório relativo às expressões usadas para o convívio social e o uso da língua inglesa em sala de aula.,Estudo do léxico,Construção de repertório lexical,,,,,,,
EF06LI17,Ensino Fundamental,06,,Língua Inglesa,17,"Construir repertório lexical relativo a temas familiares (escola, família, rotina diária, atividades de lazer, esportes, entre outros).",Estudo do léxico,Construção de repertório lexical,,,,,,,
EF06LI18,Ensino Fundamental,06,,Língua Inglesa,18,Reconhecer semelhanças e diferenças na pronúncia de palavras da língua inglesa e da língua materna e/ou outras línguas conhecidas.,Estudo do léxico,Pronúncia,,,,,,,
EF06LI19,Ensino Fundamental,06,,Língua Inglesa,19,Utilizar o presente do indicativo para identificar pessoas (verbo to be) e descrever rotinas diárias.,Gramática,"Presente simples e contínuo (formas afirmativa, negativa e interrogativa)",,,,,,,
EF06LI20,Ensino Fundamental,06,,Língua Inglesa,20,Utilizar o presente contínuo para descrever ações em progresso.,Gramática,"Presente simples e contínuo (formas afirmativa, negativa e interrogativa)",,,,,,,
EF06LI21,Ensino Fundamental,06,,Língua Inglesa,21,"Reconhecer o uso do imperativo em enunciados de atividades, comandos e instruções.",Gramática,Imperativo,,,,,,,
EF06LI22,Ensino Fundamental,06,,Língua Inglesa,22,Descrever relações por meio do uso de apóstrofo (’) + s.,Gramática,Caso genitivo ( ‘s ),,,,,,,
EF06LI23,Ensino Fundamental,06,,Língua Inglesa,23,"Empregar, de forma inteligível, os adjetivos possessivos.",Gramática,Adjetivos possessivos,,,,,,,
EF06LI24,Ensino Fundamental,06,,Língua Inglesa,24,Investigar o alcance da língua inglesa no mundo: como língua materna e/ou oficial (primeira ou segunda língua).,A língua inglesa no mundo,Países que têm a língua inglesa como língua materna e/ou oficial,,,,,,,
EF06LI25,Ensino Fundamental,06,,Língua Inglesa,25,"Identificar a presença da língua inglesa na sociedade brasileira/comunidade (palavras, expressões, suportes e esferas de circulação e consumo) e seu significado.",A língua inglesa no cotidiano da sociedade brasileira/comunidade,Presença da língua inglesa no cotidiano,,,,,,,
EF06LI26,Ensino Fundamental,06,,Língua Inglesa,26,"Avaliar, problematizando elementos/produtos culturais de países de língua inglesa absorvidos pela sociedade brasileira/comunidade.",A língua inglesa no cotidiano da sociedade brasileira/comunidade,Presença da língua inglesa no cotidiano,,,,,,,
EF06LP01,Ensino Fundamental,06,,Língua Portuguesa,01,"Reconhecer a impossibilidade de uma neutralidade absoluta no relato de fatos e identificar diferentes graus de parcialidade/ imparcialidade dados pelo recorte feito e pelos efeitos de sentido advindos de escolhas feitas pelo autor, de forma a poder desenvolver uma atitude crítica frente aos textos jornalísticos e tornar-se consciente das escolhas feitas enquanto produtor de textos.",Leitura,"Reconstrução do contexto de produção, circulação e recepção de textos",sim,AF,EF03LP18 e EF04LP14,"• Analisar, criticamente, diferentes textos jornalísticos.
• Reconhecer as escolhas lexicais feitas pelo autor do texto.
• Diferenciar fato de uma opinião sobre um fato.
• Reconhecer graus de parcialidade e neutralidade em textos jornalísticos.","CG:  2, 4 e 10
CA: 2 e 3
CE: 2, 3, 6 e 7","EF: EF69LP03, EF69LP17, EF69LP16                          AF: EF06LP02
AC: EF06LP03, EF06LP04, EF06LP05 , EF06LP07, EF06LP10, EF67LP37, EF69LP31","A habilidade prevê que seja desenvolvida uma visão crítica do estudante em relação aos gêneros jornalísticos. Para desenvolver essa criticidade, propõe-se que os estudantes sejam expostos a diferentes jornais e revistas, impressos e digitais de modo regular. Isso pode ser feito por meio de rodas de notícia e reportagem e posterior discussão sobre os assuntos tratados para estimular os estudantes a se posicionar. Além disso, sugere-se propor atividades de comparação de notícias e reportagens que tratem do mesmo assunto para que seja observado como cada veículo se posiciona sobre o tema. Nesse sentido, pode-se propor a análise de escolhas lexicais (como “manifestante” x “vândalo”), relacionando a proposta à habilidade EF06LP03 que propõe um trabalho com a sinonímia. Outra possibilidade é analisar a  escolha de estruturas sintáticas, associando as atividades à habilidade EF06LP05 que propõe a diferenciação de sentido dos modos verbais. Sugere-se, ainda, que sejam considerados os aspectos multissemióticos dos textos, como gráficos, tabelas e imagens que ajudam a produzir sentidos. Para avaliar, é possível observar os registros escritos dos estudantes, bem como propor que eles selecionem dois textos com a mesma temática e apresentem suas diferenças. O desenvolvimento dessa habilidade possibilita que o jovem se posicione de maneira ética e consciente, assegurando também uma relação com o ODS 4 que objetiva uma educação inclusiva e de qualidade."
EF06LP02,Ensino Fundamental,06,,Língua Portuguesa,02,"Estabelecer relação entre os diferentes gêneros jornalísticos, compreendendo a centralidade da notícia.",Leitura,"Caracterização do campo jornalístico e relação entre os gêneros em circulação, mídias e práticas da cultura digital",sim,AF,EF03LP18 e EF04LP14,"• Reconhecer a forma composicional do gênero notícia, considerando o contexto de produção e o suporte.
• Comparar e relacionar diferentes gêneros jornalísticos.
• Reconhecer a centralidade da notícia, em relação aos outros gêneros jornalísticos.","CG:  2, 4 e 10
CA: 2 e 3
CE: 2, 3 e 7","EF:  EF69LP05   , EF69LP16, EF69LP17   AF: EF67LP06, EF67LP02, EF67LP03, EF67LP04, EF67LP05, EF67LP07 e EF67LP08
AC: EF06LP03, EF06LP04,  EF06LP05, EF06LP07,  EF69LP31","Esta habilidade propõe que o estudante reconheça que a notícia desempenha um papel central em relação a outros gêneros jornalísticos, como artigos de opinião, editoriais, crônicas, charges, entre outros que estabelecem uma relação de intertextualidade com a notícia.
Para desenvolver atividades que promovam o desenvolvimento dessa habilidade, sugere-se que sejam propostas situações didáticas que promovam a leitura dos veículos de comunicação diversos, como jornais impressos e digitais. Uma possibilidade é propor que os estudantes sejam divididos em grupos de trabalho com diferentes periódicos e que eles registrem, em tabelas, quais gêneros eles encontraram bem como seus títulos e apresentem para os demais. Dessa forma, perceberão a preponderância numérica das notícias e sua relevância no veículo. Outra opção é promover leitura desses textos em rodas para discussão coletiva. Sugere-se, também, a leitura de textos próprios da cultura digital, multissemióticos, como memes e figurinhas que se relacionam diretamente com a notícia. A essas sugestões, permite-se articular as habilidades de análise linguística e semiótica da série. Nesse sentido, é possível observar de que modo as classes de palavras ou o uso de períodos simples ou compostos ajudam a compor o sentido do texto. A avaliação pode ser feita de maneira a observar o posicionamento do estudante, seja oralmente ou por escrito."
EF06LP03,Ensino Fundamental,06,,Língua Portuguesa,03,Analisar diferenças de sentido entre palavras de uma série sinonímica.,Análise linguística/semiótica,Léxico/morfologia,,,,,,,
EF06LP04,Ensino Fundamental,06,,Língua Portuguesa,04,"Analisar a função e as flexões de substantivos e adjetivos e de verbos nos modos Indicativo, Subjuntivo e Imperativo: afirmativo e negativo.",Análise linguística/semiótica,Morfossintaxe,,,,,,,
EF06LP05,Ensino Fundamental,06,,Língua Portuguesa,05,"Identificar os efeitos de sentido dos modos verbais, considerando o gênero textual e a intenção comunicativa.",Análise linguística/semiótica,Morfossintaxe,,,,,,,
EF06LP06,Ensino Fundamental,06,,Língua Portuguesa,06,"Empregar, adequadamente, as regras de concordância nominal (relações entre os substantivos e seus determinantes) e as regras de concordância verbal (relações entre o verbo e o sujeito simples e composto).",Análise linguística/semiótica,Morfossintaxe,,,,,,,
EF06LP07,Ensino Fundamental,06,,Língua Portuguesa,07,"Identificar, em textos, períodos compostos por orações separadas por vírgula sem a utilização de conectivos, nomeando-os como períodos compostos por coordenação.",Análise linguística/semiótica,Morfossintaxe,,,,,,,
EF06LP08,Ensino Fundamental,06,,Língua Portuguesa,08,"Identificar, em texto ou sequência textual, orações como unidades constituídas em torno de um núcleo verbal e períodos como conjunto de orações conectadas.",Análise linguística/semiótica,Morfossintaxe,,,,,,,
EF06LP09,Ensino Fundamental,06,,Língua Portuguesa,09,"Classificar, em texto ou sequência textual, os períodos simples compostos.",Análise linguística/semiótica,Morfossintaxe,,,,,,,
EF06LP10,Ensino Fundamental,06,,Língua Portuguesa,10,Identificar sintagmas nominais e verbais como constituintes imediatos da oração.,Análise linguística/semiótica,Sintaxe,,,,,,,
EF06LP11,Ensino Fundamental,06,,Língua Portuguesa,11,"Utilizar, ao produzir texto, conhecimentos linguísticos e gramaticais: tempos verbais, concordância nominal e verbal, regras ortográficas, pontuação etc.",Análise linguística/semiótica,Elementos notacionais da escrita/morfossintaxe,,,,,,,
EF06LP12,Ensino Fundamental,06,,Língua Portuguesa,12,"Utilizar, ao produzir texto, recursos de coesão referencial (nome e pronomes), recursos semânticos de sinonímia, antonímia e homonímia e mecanismos de representação de diferentes vozes (discurso direto e indireto).",Análise linguística/semiótica,Coesão,,,,,,,
EF06MA01,Ensino Fundamental,06,,Matemática,01,"Comparar, ordenar, ler e escrever números naturais e números racionais cuja representação decimal é finita, fazendo uso da reta numérica.",Números,"Sistema de numeração decimal: características, leitura, escrita e comparação de números naturais e de números racionais representados na forma decimal",sim,AF,"EF05MA01, EF05MA02, EF05MA05 e EF05MA07","• Ler e escrever números naturais e números racionais decimais
• Comparar números naturais e representá-los na reta numérica.
• Comparar números decimais e representá-los na reta numérica.",CG: 1 e 4,EF06MA05 EF06MA12,"Comparar, ordenar, ler e escrever números naturais e números racionais cuja representação decimal é finita, implica em ser capaz de interpretar e produzir escritas numéricas para representar quantidades nos campos numéricos mencionados na habilidade, fazendo uso das regras do sistema de numeração decimal, inclusive expandidas para a representação dos racionais na forma decimal."
EF06MA02,Ensino Fundamental,06,,Matemática,02,"Reconhecer o sistema de numeração decimal, como o que prevaleceu no mundo ocidental, e destacar semelhanças e diferenças com outros sistemas, de modo a sistematizar suas principais características (base, valor posicional e função do zero), utilizando, inclusive, a composição e decomposição de números naturais e números racionais em sua representação decimal.",Números,"Sistema de numeração decimal: características, leitura, escrita e comparação de números naturais e de números racionais representados na forma decimal",sim,AF,EF05MA02,"• Identificar propriedades da estrutura do Sistema de Numeração Decimal
• Comparar o Sistema de Numeração Decimal a outros sistemas de numeração de outras culturas e diferentes tempos.
• Compor e decompor números naturais das ordens do Sistema de Numeração Decimal.
• Compor e decompor números racionais na aforma decimal das ordens do Sistema de Numeração Decimal.",CG: 1,,"Reconhecer o sistema de numeração decimal, como o que prevaleceu no mundo ocidental, e destacar semelhanças e diferenças com outros sistemas, de modo a sistematizar suas principais características (base, valor posicional e função do zero) implica em  conhecer outros sistemas de numeração, por exemplo, o egípcio, o romano e o maia, identificar as características de cada um, analisando vantagens e desvantagens de cada um em relação ao sistema decimal."
EF06MA03,Ensino Fundamental,06,,Matemática,03,"Resolver e elaborar problemas que envolvam cálculos (mentais ou escritos, exatos ou aproximados) com números naturais, por meio de estratégias variadas, com compreensão dos processos neles envolvidos com e sem uso de calculadora.",Números,"Operações (adição, subtração, multiplicação, divisão e potenciação) com números naturais",sim,AF,EF05MA07 e EF05MA08,"• Associar um problema a uma operação entre números naturais.
• Operar com números naturais.
• Identificar o tipo de resposta numérica para o problema (resposta exata ou aproximada).
• Utilizar calculadora simples para o cálculo das quatro operações com números naturais.
• Propor problemas em contextos que envolvam números naturais.","CE: 3, 5 e 6
CG: 2, 4, 5, 9 e 10",EF06MA04 EF06MA06 EF06MA23,"Resolver e elaborar problemas que envolvam cálculos (mentais ou escritos, exatos ou aproximados) com números naturais, por meio de estratégias variadas, com compreensão dos processos neles envolvidos com e sem uso de calculadora, envolve o conhecimento e a valorização de formas distintas de calcular, bem como experiência com a resolução de problemas utilizando estratégias diversas."
EF06MA04,Ensino Fundamental,06,,Matemática,04,"Construir algoritmo em linguagem natural e representá-lo por fluxograma que indique a resolução de um problema simples (por exemplo, se um número natural qualquer é par).",Números,Fluxograma para determinar a paridade de um número natural,,,,,,,
EF06MA05,Ensino Fundamental,06,,Matemática,05,"Classificar números naturais em primos e compostos, estabelecer relações entre números, expressas pelos termos “é múltiplo de”, “é divisor de”, “é fator de”, e estabelecer, por meio de investigações, critérios de divisibilidade por 2, 3, 4, 5, 6, 8, 9, 10, 100 e 1000.",Números,Números primos e compostos,,,,,,,
EF06MA06,Ensino Fundamental,06,,Matemática,06,Resolver e elaborar problemas que envolvam as ideias de múltiplo e de divisor.,Números,Números primos e compostos,,,,,,,
EF06MA07,Ensino Fundamental,06,,Matemática,07,"Compreender, comparar e ordenar frações associadas às ideias de partes de inteiros e resultado de divisão, identificando frações equivalentes.",Números,"Frações: significados (parte/todo, quociente), equivalência, comparação, adição e subtração; cálculo da fração de um número natural; adição e subtração de frações",sim,AF,EF06MA01,"• Relacionar frações pela equivalência.
• Identificar frações a representações do quociente (exato) de dois inteiros.
• Reconhecer frações maiores que um inteiro.
• Representar frações maiores que um inteiro nas formas fracionária e mista.
• Comparar frações menores e maiores do que um inteiro.",CG: 1 e 4,,"Essa habilidade implica em compreender a fração em suas ideias de partes de um todo discreto ou contínuo, ser capaz de ler e representar frações numérica e graficamente, implica em compreender o sentido de numerador e denominador em uma fração, a compreensão de que uma escrita fracionária representa uma quantidade (de um todo discreto ou contínuo) e que é possível analisar se uma escrita fracionária representa uma quantidade maior, menor ou igual a outra, expressando essa comparação tanto verbalmente (maior que, menor que, igual a, diferente de) quanto pelo uso dos sinais de igualdade ou desigualdade correspondentes às expressões verbais (<,>, = ou ≠).  A identificação de frações equivalentes como escritas fracionárias distintas que representam a mesma quantidade de um todo terá aplicação imediata na comparação de duas ou mais frações. A reta numerada pode ser útil para a compreensão da ordem de grandeza de um número racional expresso na forma fracionária. As aprendizagens elencadas representam um conjunto de procedimentos, as quais espera-se que sejam mobilizadas pelo estudante com fluência até o final deste ano."
EF06MA08,Ensino Fundamental,06,,Matemática,08,"Reconhecer que os números racionais positivos podem ser expressos nas formas fracionária e decimal, estabelecer relações entre essas representações, passando de uma representação para outra, e relacioná-los a pontos na reta numérica.",Números,"Frações: significados (parte/todo, quociente), equivalência, comparação, adição e subtração; cálculo da fração de um número natural; adição e subtração de frações",sim,AF,EF05MA05 e EF06MA07,"• Associar uma fração à sua representação decimal.
• Associar números decimais com representação decimal finita a frações.
• Representar frações e números decimais na reta numérica.
• Identificar em contextos quando utilizar uma ou outra representação de um número fracionário.",CG: 1 e 4,,"Essa habilidade está relacionada a:
- associar frações com denominador múltiplo de 10 e sua representação decimal (1/10 = 0,1; 1/100 = 0,01);
- entender que 1/10 e 0,1 representam a mesma parte de um inteiro (o mesmo valendo para 1/100 e 0,01; 1/1000 e 0,001); e
- compreender que um número decimal pode surgir como resultado da divisão entre dois números naturais e relacionar as diferentes representações de um número racional.
Espera-se que, ao final deste ano, essas aprendizagens tenham sido mobilizadas com fluência pelo estudante."
EF06MA09,Ensino Fundamental,06,,Matemática,09,"Resolver e elaborar problemas que envolvam o cálculo da fração de uma quantidade e cujo resultado seja um número natural, com e sem uso de calculadora.",Números,"Frações: significados (parte/todo, quociente), equivalência, comparação, adição e subtração; cálculo da fração de um número natural; adição e subtração de frações",,,,,,,
EF06MA10,Ensino Fundamental,06,,Matemática,10,Resolver e elaborar problemas que envolvam adição ou subtração com números racionais positivos na representação fracionária.,Números,"Frações: significados (parte/todo, quociente), equivalência, comparação, adição e subtração; cálculo da fração de um número natural; adição e subtração de frações",sim,AF,EF06MA01 e EF06MA07,"• Identificar em uma situação-problema a necessidade da adição ou da subtração de frações.
• Calcular a adição e a subtração de frações.
• Analisar a resposta obtida em situações-problema que envolvam números racionais.
• Elaborar situações em que é preciso adicionar ou subtrair frações.","CE: 5 e 6
CG: 2, 4, 9 e 10",EF06MA09,"Resolver e elaborar problemas que envolvam adição ou subtração com números racionais positivos na representação fracionária implica em ampliar o sentido das operações com números naturais agora para os fracionários, adicionando frações com denominadores iguais ou diferentes, com o uso da ideia de frações equivalentes."
EF06MA11,Ensino Fundamental,06,,Matemática,11,"Resolver e elaborar problemas com números racionais positivos na representação decimal, envolvendo as quatro operações fundamentais e a potenciação, por meio de estratégias diversas, utilizando estimativas e arredondamentos para verificar a razoabilidade de respostas, com e sem uso de calculadora.",Números,"Operações (adição, subtração, multiplicação, divisão e potenciação) com números racionais",sim,AF,"EF06MA01, EF06MA07, EF06MA08,  EF06MA10","• Conhecer a potenciação.
• Calcular potências de números decimais (de representação finita).
• Identificar em uma situação-problema a necessidade de operar com números decimais.
• Resolver problemas envolvendo fração de uma quantidade.
• Elaborar situações em que é preciso calcular com números decimais (representação finita).","CE: 5 e 6
CG: 2, 4, 9 e 10",,"Resolver e elaborar problemas com números racionais positivos na representação decimal, envolvendo as quatro operações fundamentais e a potenciação, por meio de estratégias diversas, utilizando estimativas e arredondamentos para verificar a razoabilidade de respostas, com e sem uso de calculadora."
EF06MA12,Ensino Fundamental,06,,Matemática,12,Fazer estimativas de quantidades e aproximar números para múltiplos da potência de 10 mais próxima.,Números,Aproximação de números para múltiplos de potências de 10,,,,,,,
EF06MA13,Ensino Fundamental,06,,Matemática,13,"Resolver e elaborar problemas que envolvam porcentagens, com base na ideia de proporcionalidade, sem fazer uso da “regra de três”, utilizando estratégias pessoais, cálculo mental e calculadora, em contextos de educação financeira, entre outros.",Números,"Cálculo de porcentagens por meio de estratégias diversas, sem fazer uso da “regra de três”",sim,AF,EF05MA06,"• Reconhecer a porcentagem como representação de frações cujo denominador é 100.
• Relacionar a representação de uma porcentagem com a escrita fracionária e a decimal.
• Resolver situações-problema em contextos diversos que envolvam dados expressos em porcentagens.
• Reconhecer em uma calculadora a sequência de operações para o cálculo de porcentagens.","CE: 1, 3, 4, 5 e 6
CG: 2, 4, 9, 10",EF06MA15,"Resolver e elaborar problemas que envolvam porcentagens, com base na ideia de proporcionalidade, sem fazer uso da “regra de três”, utilizando estratégias pessoais, cálculo mental e calculadora, em contextos de educação financeira, entre outros, implica em associar inicialmente 10%, 25%, 50%, 75% e 100% respectivamente à décima parte, quarta parte, metade, três quartos e um inteiro para calcular porcentagens  suas representações e significados, incluindo a ideia de equivalência, que permitirá compreender que 10% é o mesmo que 10/100 ou 1/10, que 25% é o mesmo que 25/100 e assim por diante. Para que os cálculos sejam realizados utilizando estratégias pessoais  será importante a compreensão do sentido de 1/10 de; 1/4 de; 1/5 de uma quantidade."
EF06MA14,Ensino Fundamental,06,,Matemática,14,"Reconhecer que a relação de igualdade matemática não se altera ao adicionar, subtrair, multiplicar ou dividir os seus dois membros por um mesmo número e utilizar essa noção para determinar valores desconhecidos na resolução de problemas.",Álgebra,Propriedades da igualdade,sim,AF,EF05MA10,"• Investigar relações de igualdade em que são adicionados, subtraídos, multiplicados ou divididos os dois membros por um mesmo número.
• Inferir a propriedade de equivalência entre igualdades em que aos dois membros são adicionados, subtraídos, multiplicados ou divididos por um mesmo número.
• Utilizar a propriedade de equivalência na resolução de situações-problema em que é preciso transformar uma igualdade em outra equivalente.","CE: 2 e 3
 CG: 4",,"Reconhecer que a relação de igualdade matemática não se altera ao adicionar, subtrair, multiplicar ou dividir os seus dois membros por um mesmo número e utilizar essa noção para determinar valores desconhecidos na resolução de problemas, implica que seja compreendido, primeiramente, o sentido de equivalência (se a + b = c + d, então c + d = a + b) associado ao sinal de igualdade. Partindo dessa compreensão, por meio de investigação e observação de regularidades, será possível compreender todas as ações previstas na habilidade como por exemplo,  se 2 + 6 = 8, então 2 x 2 + 6 x 2 = 8 x 2;  (tinha x 2 a mais) se 16 - 6 = 10, então, (16 - 6) : 5 = 10 : 5."
EF06MA15,Ensino Fundamental,06,,Matemática,15,"Resolver e elaborar problemas que envolvam a partilha de uma quantidade em duas partes desiguais, envolvendo relações aditivas e multiplicativas, bem como a razão entre as partes e entre uma das partes e o todo.",Álgebra,"Problemas que tratam da partição de um todo em duas partes desiguais, envolvendo razões entre as partes e entre uma das partes e o todo",,,,,,,
EF06MA16,Ensino Fundamental,06,,Matemática,16,"Associar pares ordenados de números a pontos do plano cartesiano do 1º quadrante, em situações como a localização dos vértices de um polígono.",Geometria,Plano cartesiano: associação dos vértices de um polígono a pares ordenados,,,,,,,
EF06MA17,Ensino Fundamental,06,,Matemática,17,"Quantificar e estabelecer relações entre o número de vértices, faces e arestas de prismas e pirâmides, em função do seu polígono da base, para resolver problemas e desenvolver a percepção espacial.",Geometria,"Prismas e pirâmides: planificações e relações entre seus elementos (vértices, faces e arestas)",sim,AF,EF05MA16 e EF05MA17,"• Identificar faces, vértices e arestas em prismas e pirâmides.
• Relacionar o número de faces, vértices e arestas de prismas e pirâmides ao número de lados do polígono da base.
• Visualizar a quantidade de faces, vértices e arestas de prismas e pirâmides em diferentes representações planas desses sólidos.
• Resolver problemas que envolvam as relações dos elementos de prismas e pirâmides a suas bases.","CE: 3 e 6
CG: 3, 4, 5",,"Quantificar e estabelecer relações entre o número de vértices, faces e arestas de prismas e pirâmides, em função do seu polígono da base, para resolver problemas e desenvolver a percepção espacial, implica em identificar e contar faces, vértices e arestas em poliedors, bem como reconhecer e nomear prismas e pirâmides seja em objetos físicos ou por sua representação por desenho."
EF06MA18,Ensino Fundamental,06,,Matemática,18,"Reconhecer, nomear e comparar polígonos, considerando lados, vértices e ângulos, e classificá-los em regulares e não regulares, tanto em suas representações no plano como em faces de poliedros.",Geometria,"Polígonos: classificações quanto ao número de vértices, às medidas de lados e ângulos e ao paralelismo e perpendicularismo dos lados",sim,AF,"EF06MA20 e EF06MA25
EF05MA17","• Descrever um polígono por suas propriedades como figura plana.
• Identificar lados e ângulos em polígonos.
• Nomear os polígonos em função de sua quantidade de lados.
• Classificar polígonos em regulares e não regulares.
• Identificar polígonos em desenhos no plano, em planificações e em faces de poliedros.","CE: 5
 CG: 3, 4 e 5","EF06MA16
EF06MA21","Reconhecer, nomear e comparar polígonos, considerando lados, vértices e ângulos, e classificá-los em regulares e não regulares, tanto em suas representações no plano como em faces de poliedros, implica em diferenciar figuras planas em poligonais e não poligonais, reconhecer e nomear os polígonos associando aos nomes a quantidade de ângulos; reconehcer que um polígono que tem lados e ângulos congruentes (de mesma medida) são chamados de regulares. O conhecimento da habilidade EF06MA25, bem como a utilização de transferidor para medir a abertura de ângulos e da régua para medir o comprimento dos lados são essenciais para esta habilidade ser desenvolvida.Merece atenção a separação de quadriláteros e triângulos como classes de figuras poligonais caracterizadas pela quatidade de lados."
EF06MA19,Ensino Fundamental,06,,Matemática,19,Identificar características dos triângulos e classificá-los em relação às medidas dos lados e dos ângulos.,Geometria,"Polígonos: classificações quanto ao número de vértices, às medidas de lados e ângulos e ao paralelismo e perpendicularismo dos lados",sim,AF,EF06MA18 e EF06MA25,"• Medir lados e ângulos de triângulos.
• Classificar triângulos pelas medidas de seus lados.
• Classificar triângulos pelas medidas de seus ângulos.
• Nomear um triângulo em função das medidas de seus lados ou de seus ângulos.","CE: 3 e 5
CG: 3, 4 e 5",,"Identificar características dos triângulos e classificá-los em relação às medidas dos lados e dos ângulos, implica em associar que os triângulos podem ser analisados em relação à medida de seus lados (equilátero, escaleno e isósceles), bem como à medida de seus ângulos (retângulo, acutângulo e obtusângulo). O conhecimento da classificação dos ângulos segundo a medida de sua abertura (reto, agudo e obtuso) está envolvido nesta habilidade. A utilização de transferidor para medir a abertura de ângulos e da régura para medir o comprimento dos lados são essenciais para esta habilidade ser desenvolvida. Espera-se que o estudante tenha mobilizado com fluência essa aprendizagem ao final do ano."
EF06MA20,Ensino Fundamental,06,,Matemática,20,"Identificar características dos quadriláteros, classificá-los em relação a lados e a ângulos e reconhecer a inclusão e a intersecção de classes entre eles.",Geometria,"Polígonos: classificações quanto ao número de vértices, às medidas de lados e ângulos e ao paralelismo e perpendicularismo dos lados",sim,AF,EF06MA25,"• Medir lados e ângulos em quadriláteros.
• Classificar quadriláteros pelas medidas de seus lados.
• Classificar quadriláteros pelas medidas de seus ângulos.
• Nomear um quadrilátero em função das medidas de seus lados ou de seus ângulos.
• (EF) Reconhecer a inclusão e a intersecção de classes de quadriláteros por suas propriedades relativas a lados e ângulos.","CE: 2, 5 e 6
 CG: 3, 4 e 5",EF06MA22 EF06MA28 EF06MA29 EF06MA34,"Identificar características dos quadriláteros, classificá-los em relação a lados e a ângulos e reconhecer a inclusão e a intersecção de classes entre eles, implica em, primeiramente, separar entre os polígonos aqueles que têm quatro lados e que, por isso, são quadriláteros. Em seguida, associar propriedades relativas a medidas, paralelelismo e perpendircularismo dos lados à determinadas características dos quadriláteros, valendo o mesmo para medidas dos ângulos, em especial os ângulos retos para caracterizar os retângulos. Reconhecer a inclusão e intersecção de classes implica primeiramente em identificar as principais características de cada quadrilátero, definidos por sua essência: trapézio é o quadrilátero com pelo menos um par de lados paralelos; paralelogramo é o quadrilátero com dois pares de lados paralelos (sendo portanto, um tipo particular de trapézio), retângulo é o quadrilátero com dois pares de lados paralelos e quatro ângulos retos (sendo um tipo de paralelogramo); losango o quadrilátero com dois pares de lados paralelos e de mesma medida (sendo portanto um tipo particular de paralelogramo) e que o quadrado é um quadrilátero com dois pares de lados paralelos e de mesma medida e quatro ângulos retos  para então, associar que há duas classes de quadriláteros, os trapézios e os não trapézios; que a classe dos trapézios inclui os que são paralelogramos, e que nos paralelogramos estão os retângulos e os losangos, e que o quadrado é um quadrilátero que é losango e retângulo, simultaneamente, estando portanto, na intersecção entre as características de ambos os quadriláteros, associando ainda que o quadrado é o único quadrilátero que se encaixa na categoria de polígonos regulares."
EF06MA21,Ensino Fundamental,06,,Matemática,21,"Construir figuras planas semelhantes em situações de ampliação e de redução, com o uso de malhas quadriculadas, plano cartesiano ou tecnologias digitais.",Geometria,Construção de figuras semelhantes: ampliação e redução de figuras planas em malhas quadriculadas,,,,,,,
EF06MA22,Ensino Fundamental,06,,Matemática,22,"Utilizar instrumentos, como réguas e esquadros, ou softwares para representações de retas paralelas e perpendiculares e construção de quadriláteros, entre outros.",Geometria,"Construção de retas paralelas e perpendiculares, fazendo uso de réguas, esquadros e softwares",,,,,,,
EF06MA23,Ensino Fundamental,06,,Matemática,23,Construir algoritmo para resolver situações passo a passo (como na construção de dobraduras ou na indicação de deslocamento de um objeto no plano segundo pontos de referência e distâncias fornecidas etc.).,Geometria,"Construção de retas paralelas e perpendiculares, fazendo uso de réguas, esquadros e softwares",,,,,,,
EF06MA24,Ensino Fundamental,06,,Matemática,24,"Resolver e elaborar problemas que envolvam as grandezas comprimento, massa, tempo, temperatura, área (triângulos e retângulos), capacidade e volume (sólidos formados por blocos retangulares), sem uso de fórmulas, inseridos, sempre que possível, em contextos oriundos de situações reais e/ou relacionadas às outras áreas do conhecimento.",Grandezas e medidas,"Problemas sobre medidas envolvendo grandezas como comprimento, massa, tempo, temperatura, área, capacidade e volume",sim,AF,EF05MA19,"• Compreender a noção de cada grandeza (comprimento, massa, litro e área).
• Conhecer as principais unidades de medida de cada uma das grandezas.
• Utilizar em contextos os instrumentos de medida correspondentes a cada grandeza.
• Resolver problemas que envolvam as grandezas em situações reais e contextualizadas.
• Elaborar problemas envolvendo as grandezas em projetos significativos que requeiram medições.","CE: 1, 3 e 5
CG: 2, 4, 9 e 10",,"Resolver e elaborar problemas que envolvam as grandezas comprimento, massa, tempo, temperatura, área (triângulos e retângulos), capacidade e volume (sólidos formados por blocos retangulares), sem uso de fórmulas implica em identificar as grandezas, compreender o que é medi-las (comparando com outra grandeza de mesma espécie, escolhendo uma unidade e expressando a medição numericamente com a identificação da unidade utilizada), conhecer as principais unidades padrão de medida e estabelecer relações entre elas, incluindo a expressão por meio de frações ou decimais. Significa também reconhecer volume como grandeza associada a sólidos geométricos envolve o conhecimento de que o volume de um corpo é a quantidade de espaço ocupada por esse corpo. A medição do volume é feita em unidades cúbicas (centímetro cúbico, metro cúbico), por isso, na habilidade, está previsto medir volumes por meio de empilhamento de cubos."
EF06MA25,Ensino Fundamental,06,,Matemática,25,Reconhecer a abertura do ângulo como grandeza associada às figuras geométricas.,Grandezas e medidas,"Ângulos: noção, usos e medida",sim,AF,EF05MA17,"• Compreender a noção de ângulo como giro em torno de um ponto.
• Associar a noção de ângulo à sua representação geométrica.
• Identificar ângulos em polígonos e nas faces de poliedros.
• Diferenciar ângulos retos e não retos.
• Utilizar o conceito de ângulo na classificação de triângulos e quadriláteros de acordo com os ângulos dessas figuras.","CE: 3
 CG: 4",EF06MA26,Essa habilidade implica em reconhecer ângulos em polígonos.
EF06MA26,Ensino Fundamental,06,,Matemática,26,"Resolver problemas que envolvam a noção de ângulo em diferentes contextos e em situações reais, como ângulo de visão.",Grandezas e medidas,"Ângulos: noção, usos e medida",,,,,,,
EF06MA27,Ensino Fundamental,06,,Matemática,27,"Determinar medidas da abertura de ângulos, por meio de transferidor e/ou tecnologias digitais.",Grandezas e medidas,"Ângulos: noção, usos e medida",,,,,,,
EF06MA28,Ensino Fundamental,06,,Matemática,28,"Interpretar, descrever e desenhar plantas baixas simples de residências e vistas aéreas.",Grandezas e medidas,Plantas baixas e vistas aéreas,,,,,,,
EF06MA29,Ensino Fundamental,06,,Matemática,29,"Analisar e descrever mudanças que ocorrem no perímetro e na área de um quadrado ao se ampliarem ou reduzirem, igualmente, as medidas de seus lados, para compreender que o perímetro é proporcional à medida do lado, o que não ocorre com a área.",Grandezas e medidas,Perímetro de um quadrado como grandeza proporcional à medida do lado,,,,,,,
EF06MA30,Ensino Fundamental,06,,Matemática,30,"Calcular a probabilidade de um evento aleatório, expressando-a por número racional (forma fracionária, decimal e percentual) e comparar esse número com a probabilidade obtida por meio de experimentos sucessivos.",Probabilidade e estatística,Cálculo de probabilidade como a razão entre o número de resultados favoráveis e o total de resultados possíveis em um espaço amostral equiprovável Cálculo de probabilidade por meio de muitas repetições de um experimento (frequências de ocorrências e probabilidade frequentista),sim,AF,EF05MA22 EF06MA13,"• Identificar eventos aleatórios.
• Compreender a noção de probabilidade.
• Calcular a probabilidade de um evento e expressá-la na forma de fração, de decimal e de porcentagem.
• Determinar o espaço amostral de um evento.
• Comparar a probabilidade numérica com a contagem do espaço amostral de eventos simples ou de eventos sucessivos.","CE: 2, 3, 4 e 5
CG: 4",,"Calcular a probabilidade de um evento aleatório, expressando-a por número racional (forma fracionária, decimal e percentual) e comparar esse número com a probabilidade obtida por meio de  experimentos sucessivos, implica em reconhecer o sentido de aleatoriedade de um evento, identificar o espaço amostral de um experimento aleatório e realizar o cálculo de probabilidade associando a ele formas de representação diversas na resolução de problemas, em especial a expressão numérica por frações e porcentagem. A habilidade envolve também a ideia de fração como razão."
EF06MA31,Ensino Fundamental,06,,Matemática,31,"Identificar as variáveis e suas frequências e os elementos constitutivos (título, eixos, legendas, fontes e datas) em diferentes tipos de gráfico.",Probabilidade e estatística,Leitura e interpretação de tabelas e gráficos (de colunas ou barras simples ou múltiplas) referentes a variáveis categóricas e variáveis numéricas,,,,,,,
EF06MA32,Ensino Fundamental,06,,Matemática,32,"Interpretar e resolver situações que envolvam dados de pesquisas sobre contextos ambientais, sustentabilidade, trânsito, consumo responsável, entre outros, apresentadas pela mídia em tabelas e em diferentes tipos de gráficos e redigir textos escritos com o objetivo de sintetizar conclusões.",Probabilidade e estatística,Leitura e interpretação de tabelas e gráficos (de colunas ou barras simples ou múltiplas) referentes a variáveis categóricas e variáveis numéricas,sim,AF,EF05MA24,"• Identificar elementos de um gráfico (título, eixos, legendas, fontes e datas).
• Ler gráficos e tabelas que representem situações em contextos ambientais e socioeconômicos.
• Distinguir entre conclusões emitidas a partir de dados em tabelas ou gráficos aquelas que são verdadeiras ou falsas.
• Emitir conclusões possíveis com base nos dados representados em tabelas e gráficos.
• Resumir em forma de texto conclusões possíveis com base em dados representados em tabelas e gráficos.","CE: 3, 4, 5 e 6
CG: 4, 5, 7 e 10","EF06MA31
EF06MA33","É possível desenvolver com apoio dessa habilidade atividades que tornem os estudantes produtores e leitores significativos de textos e gráficos. A análise, interpretação e conclusão a partir de dados é uma parte importante da Estatística Indutiva e que complementa os procedimentos envolvidos nos cálculos realizados pela Estatística Descritiva. Pesquisas em sites de referência, reportagens provindas da mídia tradicional e infográficos são bons recursos para que o estudante diferencie fontes confiáveis daquelas sem procedência. Determinar dentre informações imprecisas ou apresentando erros aquelas que são verdadeiras também contribuem com o desenvolvimento do senso crítico do estudante."
EF06MA33,Ensino Fundamental,06,,Matemática,33,"Planejar e coletar dados de pesquisa referente a práticas sociais escolhidas pelos alunos e fazer uso de planilhas eletrônicas para registro, representação e interpretação das informações, em tabelas, vários tipos de gráficos e texto.",Probabilidade e estatística,Construção de diferentes tipos de gráficos para representá-los e interpretação das informações,,,,,,,
EF06MA34,Ensino Fundamental,06,,Matemática,34,"Interpretar e desenvolver fluxogramas simples, identificando as relações entre os objetos representados (por exemplo, posição de cidades considerando as estradas que as unem, hierarquia dos funcionários de uma empresa etc.).",Probabilidade e estatística,Diferentes tipos de representação de informações: gráficos e fluxogramas,,,,,,,
EF07CI01,Ensino Fundamental,07,,Ciências,01,"Discutir a aplicação, ao longo da história, das máquinas simples e propor soluções e invenções para a realização de tarefas mecânicas cotidianas.",Matéria e energia,Formas de propagação do calor,,,,,,,
EF07CI02,Ensino Fundamental,07,,Ciências,02,"Diferenciar temperatura, calor e sensação térmica nas diferentes situações de equilíbrio termodinâmico cotidianas.",Matéria e energia,Equilíbrio termodinâmico e vida na Terra,,,,,,,
EF07CI03,Ensino Fundamental,07,,Ciências,03,"Utilizar o conhecimento das formas de propagação do calor para justificar a utilização de determinados materiais (condutores e isolantes) na vida cotidiana, explicar o princípio de funcionamento de alguns equipamentos (garrafa térmica, coletor solar etc.) e/ou construir soluções tecnológicas a partir desse conhecimento.",Matéria e energia,História dos combustíveis e das máquinas térmicas,sim,AF,,"• Classificar materiais como condutores ou isolantes térmicos.
• Explicar o funcionamento de equipamentos e tecnologias que utilizem as propriedades térmicas dos materiais.
• Construir soluções tecnológicos com base nos conhecimentos sobre as propriedades térmicas dos materiais.","CE: 3 e 4
CG: 2 e 7","EF07CI01, EF07CI02, EF07CI04 e EF07CI05","Nesta habilidade, construir soluções tecnológicas está relacionado com aprendizagem na qual se empregam os conceitos de materiais isolantes e condutores e de equilíbrio térmico na resolução de problemas cotidianos, como o isolamento de um cômodo para manter o calor ou o frio. Uma oportunidade de contextualização é discutir quais objetos seriam mais apropriados para uso local basendo-se no estudo do clima da região e considerando a finalidade desse uso."
EF07CI04,Ensino Fundamental,07,,Ciências,04,"Avaliar o papel do equilíbrio termodinâmico para a manutenção da vida na Terra, para o funcionamento de máquinas térmicas e em outras situações cotidianas.",Matéria e energia,História dos combustíveis e das máquinas térmicas,,,,,,,
EF07CI05,Ensino Fundamental,07,,Ciências,05,"Discutir o uso de diferentes tipos de combustível e máquinas térmicas ao longo do tempo, para avaliar avanços, questões econômicas e problemas socioambientais causados pela produção e uso desses materiais e máquinas.",Matéria e energia,História dos combustíveis e das máquinas térmicas,,,,,,,
EF07CI06,Ensino Fundamental,07,,Ciências,06,"Discutir e avaliar mudanças econômicas, culturais e sociais, tanto na vida cotidiana quanto no mundo do trabalho, decorrentes do desenvolvimento de novos materiais e tecnologias (como automação e informatização).",Matéria e energia,História dos combustíveis e das máquinas térmicas,sim,AF,"EF01CI01, EF02CI01, EF04CI02 e EF05CI01","• Valorizar o papel da ciência para o desenvolvimento de novos materiais e tecnologias.
• Comparar vantagens e desvantagens do emprego de novas tecnologias, no contexto da qualidade de vida e dos processos produtivos.
• Identificar aplicações de novos materiais e novas tecnologias na vida cotidiana e no mundo do trabalho.
• Debater as mudanças culturais, sociais e ambientais causadas pelo desenvolvimento e pela implementação de novas tecnologias e novos materiais.","CE: 1, 3 e  4
CG: 2, 3 e 10",,"Essa é uma habilidade fundamental para explorar o conceito de tecnologia e para desenvolver os ODS 8 e 9, que tratam do mundo do trabalho e da inovação nos processos produtivos. O estudante deve compreender e identificar as mudanças ocorridas após a inserção de novos materiais e tecnologias no cotidiano e avaliar os impactos dessas mudanças nas relações de trabalho e demais aspectos sociais, culturais e econômicos. Como atividade, pode-se propor que os alunos sugiram novas tecnologias a partir de questões como sustentabilidade, eficiência energética e qualidade de vida."
EF07CI07,Ensino Fundamental,07,,Ciências,07,"Caracterizar os principais ecossistemas brasileiros quanto à paisagem, à quantidade de água, ao tipo de solo, à disponibilidade de luz solar, à temperatura etc., correlacionando essas características à flora e fauna específicas.",Vida e evolução,Fenômenos naturais e impactos ambientais,sim,AF,EF02CI06 e EF03CI04,"• Identificar as principais características dos ecossistemas brasileiros.
• Descrever e reconhecer as características dos ecossistemas locais.
• Relacionar as características físicas dos ecossistemas às características da fauna e da flora presentes neles.","CE: 3 e 5
CG: 2 e 10",EF07CI08,"Este tema colabora para o desenvolvimento dos ODS 13, 14 e 15. O aluno deve identificar, relacionar e descrever características de ecossistemas como caatinga, cerrado, pantanal, mangue, entre outros, de modo a compreender os fatores abióticos e bióticos que os constituem. É importante destacar a relação da fauna, flora e demais qualidades com as questões evolutivas e as relações ecológicas estabelecidas nos ecossistemas. Podem ser abordados temas como a intervenção humana, a extinção de espécies e a sustentabilidade."
EF07CI08,Ensino Fundamental,07,,Ciências,08,"Avaliar como os impactos provocados por catástrofes naturais ou mudanças nos componentes físicos, biológicos ou sociais de um ecossistema afetam suas populações, podendo ameaçar ou provocar a extinção de espécies, alteração de hábitos, migração etc.",Vida e evolução,Programas e indicadores de saúde pública,,,,,,,
EF07CI09,Ensino Fundamental,07,,Ciências,09,"Interpretar as condições de saúde da comunidade, cidade ou estado, com base na análise e comparação de indicadores de saúde (como taxa de mortalidade infantil, cobertura de saneamento básico e incidência de doenças de veiculação hídrica, atmosférica entre outras) e dos resultados de políticas públicas destinadas à saúde.",Vida e evolução,Programas e indicadores de saúde pública,sim,AF,EF01CI03 e EF05CI08,"• Identificar as principais características e funções dos indicadores usados em saúde pública no Brasil.
• Comparar dados de indicadores de saúde regionais/locais com dados nacionais.
• Avaliar os projetos e as políticas públicas locais e nacionais destinados à saúde e à qualidade de vida.","CE: 1, 7 e 8
CG: 8 e 10",EF07CI08,"Desenvolver esta habilidade pode contextualizar a exploração dos ODS 3, sobre saúde e bem-estar, e 10, que trata de promoção de debates e ações para a redução das desigualdades. O aluno deve reconhecer as alterações provocadas nos indicadores de saúde pelas ações comunitárias e governamentais. Isto demanda análise, interpretação e comparação de dados de uma série histórica. Pode-se propor associar os dados às condições de vida existentes e fazer um recorte territorial (bairro, município, estado e país)."
EF07CI10,Ensino Fundamental,07,,Ciências,10,"Argumentar sobre a importância da vacinação para a saúde pública, com base em informações sobre a maneira como a vacina atua no organismo e o papel histórico da vacinação para a manutenção da saúde individual e coletiva e para a erradicação de doenças.",Vida e evolução,Programas e indicadores de saúde pública,sim,AF,,"• Descrever o funcionamento das vacinas no organismo.
• Avaliar a importância das vacinas por meio da análise de dados históricos de sua aplicação em epidemias no Brasil e no mundo.
• Valorizar a importância das vacinas para a saúde individual e coletiva.","CE: 1, 7 e 8
CG: 7 e 10",EF07CI08 e EF07CI11,"Os estudantes devem identificar, reconhecer e compreender os micro-organismos, como parasitas, vírus e bactérias, e os mecanismos de defesa naturais e adquiridos do organismo humano, a fim de justificar a importância da vacina. Deve-se utilizar dados científicos e outras estratégias que ajudem o estudante a identificar evidências do uso da vacinação no controle ou erradicação das doenças, em comparação ao seu não uso, e as consequências disso para a saúde pública."
EF07CI11,Ensino Fundamental,07,,Ciências,11,"Analisar historicamente o uso da tecnologia, incluindo a digital, nas diferentes dimensões da vida humana, considerando indicadores ambientais e de qualidade de vida.",Vida e evolução,Programas e indicadores de saúde pública,,,,,,,
EF07CI12,Ensino Fundamental,07,,Ciências,12,"Demonstrar que o ar é uma mistura de gases, identificando sua composição, e discutir fenômenos naturais ou antrópicos que podem alterar essa composição.",Terra e Universo,Efeito estufa,sim,AF,EF04CI01 e EF06CI03,"• Reconhecer que o ar atmosférico é uma mistura de gases, dando destaque para o nitrogênio, o oxigênio e o gás carbônico.
• Analisar que o ar atmosférico também pode conter vapor de água, material particulado (poeira e fuligem) e microrganismos.
• Explicar o que é pressão atmosférica.
• Relacionar a ocorrência de fenômenos naturais (queimadas naturais, erupções vulcânicas, entre outras) com a alteração da composição do ar e do regime do fluxo de ventos.","CE: 1, 3 e 4
CG:2",EF07CI14,"É fundamental estimular o planejamento e a realização de experimentos simples, como observar um algodão no fundo de um copo se manter seco após mergulhar o copo com a boca voltada para baixo em um balde com água. Os alunos devem identificar e reconhecer as causas e consequências de alterações significativas  na composição do ar, como a atuação de fenômenos naturais e a ação antrópica, como a liberação de CO2 na queima de combustíveis fósseis."
EF07CI13,Ensino Fundamental,07,,Ciências,13,"Descrever o mecanismo natural do efeito estufa, seu papel fundamental para o desenvolvimento da vida na Terra, discutir as ações humanas responsáveis pelo seu aumento artificial (queima dos combustíveis fósseis, desmatamento, queimadas etc.) e selecionar e implementar propostas para a reversão ou controle desse quadro.",Terra e Universo,Camada de ozônio,sim,AF,,"• Identificar os principais gases de efeito estufa e comparar suas porcentagens na atmosfera.
• Descrever o mecanismo natural do efeito estufa, reconhecendo como esse fenômeno mantém a temperatura do planeta adequada à manutenção da vida.
• Avaliar ações humanas que aumentem a concentração dos gases de efeito estufa e propor formas de redução desse impacto.
• Reconhecer a importância da camada de ozônio para proteção contra os raios ultravioletas do Sol.","CE: 2, 5 e 8
CG: 2 e 10",,"Esta habilidade tem como foco estimular o aluno a propor, planejar, reconhecer e avaliar ações que contribuam para a redução do impacto da ação humana no aumento artificial do efeito estufa. A habilidade se relaciona com o desenvolvimento de argumentos sobre as mudanças climáticas, tema ligado ao ODS 13. Explorar documentários e vídeos sobre os impactos causados por esses problemas ambientais pode ajudar o estudante a reconhecer as causas e a influência do efeito estufa e a compreender a importância de discutir o tema."
EF07CI14,Ensino Fundamental,07,,Ciências,14,"Justificar a importância da camada de ozônio para a vida na Terra, identificando os fatores que aumentam ou diminuem sua presença na atmosfera, e discutir propostas individuais e coletivas para sua preservação.",Terra e Universo,Placas tectônicas e deriva continental,,,,,,,
EF07CI15,Ensino Fundamental,07,,Ciências,15,"Interpretar fenômenos naturais (como vulcões, terremotos e tsunamis) e justificar a rara ocorrência desses fenômenos no Brasil, com base no modelo das placas tectônicas.",Terra e Universo,Placas tectônicas e deriva continental,sim,AF,,"• Identificar os fenômenos como vulcanismo, terremotos e tsunamis, descrevendo-os com base na estrutura das camadas internas da Terra e das placas tectônicas.
• Relacionar a baixa frequência ou intensidade desses fenômenos no Brasil com o fato de o território não estar localizado no limite entre placas tectônicas.","CE: 2, 5 e 8
CG: 2 e 10",EF07CI16,"Os estudantes devem identificar e ilustrar causas e processos de formação de fenômenos naturais que provocam alterações no ambiente, relacionando-as à constituição e características do território brasileiro e sua formação geológica. É recomendado discutir casos baseados em notícias e vídeos que possam contribuir para a compreensão do fenômeno. As ilustrações são importantes para comparar e identificar os formatos das costas e discutir a deriva continental."
EF07CI16,Ensino Fundamental,07,,Ciências,16,Justificar o formato das costas brasileira e africana com base na teoria da deriva dos continentes.,Terra e Universo,Placas tectônicas e deriva continental,,,,,,,
EF07ER01,Ensino Fundamental,07,,Ensino Religioso,01,Reconhecer e respeitar as práticas de comunicação com as divindades em distintas manifestações e tradições religiosas.,Manifestações religiosas,Místicas e espiritualidades,,,,,,,
EF07ER02,Ensino Fundamental,07,,Ensino Religioso,02,"Identificar práticas de espiritualidade utilizadas pelas pessoas em determinadas situações (acidentes, doenças, fenômenos climáticos).",Manifestações religiosas,Místicas e espiritualidades,,,,,,,
EF07ER03,Ensino Fundamental,07,,Ensino Religioso,03,Reconhecer os papéis atribuídos às lideranças de diferentes tradições religiosas.,Manifestações religiosas,Lideranças religiosas,,,,,,,
EF07ER04,Ensino Fundamental,07,,Ensino Religioso,04,Exemplificar líderes religiosos que se destacaram por suas contribuições à sociedade.,Manifestações religiosas,Lideranças religiosas,,,,,,,
EF07ER05,Ensino Fundamental,07,,Ensino Religioso,05,Discutir estratégias que promovam a convivência ética e respeitosa entre as religiões.,Manifestações religiosas,Lideranças religiosas,,,,,,,
EF07ER06,Ensino Fundamental,07,,Ensino Religioso,06,"Identificar princípios éticos em diferentes tradições religiosas e filosofias de vida, discutindo como podem influenciar condutas pessoais e práticas sociais.",Crenças religiosas e filosofias de vida,Princípios éticos e valores religiosos,,,,,,,
EF07ER07,Ensino Fundamental,07,,Ensino Religioso,07,Identificar e discutir o papel das lideranças religiosas e seculares na defesa e promoção dos direitos humanos.,Crenças religiosas e filosofias de vida,Liderança e direitos humanos,,,,,,,
EF07ER08,Ensino Fundamental,07,,Ensino Religioso,08,"Reconhecer o direito à liberdade de consciência, crença ou convicção, questionando concepções e práticas sociais que a violam.",Crenças religiosas e filosofias de vida,Liderança e direitos humanos,,,,,,,
EF07GE01,Ensino Fundamental,07,,Geografia,01,"Avaliar, por meio de exemplos extraídos dos meios de comunicação, ideias e estereótipos acerca das paisagens e da formação territorial do Brasil.",O sujeito e seu lugar no mundo,Ideias e concepções sobre a formação territorial do Brasil,,,,,,,
EF07GE02,Ensino Fundamental,07,,Geografia,02,"Analisar a influência dos fluxos econômicos e populacionais na formação socioeconômica e territorial do Brasil, compreendendo os conflitos e as tensões históricas e contemporâneas.",Conexões e escalas,Formação territorial do Brasil,sim,AF,EF06GE02,"• Reconhecer o Brasil como um Estado-nação, identificando os limites do território brasileiro e suas principais divisões político-administrativas.
• Evidenciar as principais atividades econômicas que contribuíram para a ocupação do território brasileiro e a atração de fluxos populacionais ao longo do tempo.
• Apontar razões para o território brasileiro ter mudado de configuração ao longo do tempo, evidenciando conflitos e tensões históricas nesse processo.","CG: 1 e 2
CE: 3, 5 e 6
CA: 1, 2 e 7","AC:
- EF07GE05: amplia o conhecimento da AF.
AF:
- EF07GE09:  pode ser desenvolvida junto à AF.","O foco dessa habilidade está centrado no desvelamento do processo de formação territorial do Brasil. Nesse sentido, interessa trabalhar com os estudantes que o Brasil é um Estado-nação que tem um governo que exerce soberania sobre um território definido. Pode-se propor atividades de identificação de suas fronteiras continentais e marítimas (Amazônia Azul), e de reconhecimento de sua principal estrutura de administração política. Interessa apresentar atividades que auxiliem o estudante a compreender que, ao longo dos séculos, o Brasil mudou a sua configuração territorial a partir de conquistas e de diversos acordos geopolíticos e financeiros feitos com a Espanha e outros países e internamente novos estados foram sendo criados para facilitar sua administração. Interessa propor reflexões que permitam desenvolver o raciocínio geográfico de conexão, a fim de identificar que as atividades econômicas implementadas no período colonial estavam subordinadas aos interesses das metrópoles europeias, as quais interferiram na ocupação e no povoamento do território brasileiro."
EF07GE03,Ensino Fundamental,07,,Geografia,03,"Selecionar argumentos que reconheçam as territorialidades dos povos indígenas originários, das comunidades remanescentes de quilombos, de povos das florestas e do cerrado, de ribeirinhos e caiçaras, entre outros grupos sociais do campo e da cidade, como direitos legais dessas comunidades.",Conexões e escalas,Formação territorial do Brasil,,,,,,,
EF07GE04,Ensino Fundamental,07,,Geografia,04,"Analisar a distribuição territorial da população brasileira, considerando a diversidade étnico-cultural (indígena, africana, europeia e asiática), assim como aspectos de renda, sexo e idade nas regiões brasileiras.",Conexões e escalas,Características da população brasileira,sim,AF,EF06GE02 e EF07GE02,"• Reconhecer contribuições dos povos indígenas, africanos, europeus e asiáticos para a formação sociocultural da população brasileira, identificando a distribuição pretérita e atual desses povos no território nacional.
• Contextualizar a luta de comunidades remanescentes de quilombos, indígenas e demais povos tradicionais na busca pelo reconhecimento de seus territórios de referência.
• Caracterizar aspectos da demografia brasileira, considerando dados relacionados ao crescimento da população, densidade demográfica, estrutura etária, renda, fluxos migratórios externos e internos, entre outros.","CG: 1, 2 e 9
CE: 3, 5 e 6
CA: 2 e 7","AC:
- EF07GE03: pode ser desenvolvida junto à AF.
AF:
- EF07GE09: pode ser desenvolvida junto à AF.
- EF07GE10:  pode ser desenvolvida junto à AF.
- EF07HI03: amplia o conhecimento da AF.
- EF07HI15: amplia o conhecimento da AF.","Nessa habilidade, é possível desenvolver um aprofundamento sobre aspectos qualitativos e quantitativos relacionados à população brasileira. Em relação à sua composição étnica, importa desvendar as razões de sua diversidade e, principalmente, do papel que os diferentes povos tiveram na sua formação sociocultural. O trabalho com os elementos relacionados à territorialidade de  povos indígenas, quilombolas e demais povos tradicionais é essencial para garantir esforços em favor do reconhecimento de suas terras e, assim, de sua sobrevivência física e cultural. Em relação ao estudo da demografia, pode-se  abordar os fatores que podem levar a população de um país a crescer: crescimento natural e imigração. Se, no passado, a imigração contribuiu para o crescimento da população brasileira, atualmente, esses índices contribuem muito pouco. Também é possível propor análises sobre o atual período de transição demográfica que passa o Brasil, com a diminuição das taxas de fertilidade e o aumento da expectativa de vida da população brasileira, propondo atividades a partir das quais o estudante identifique as causas desses indicadores e suas possíveis consequências para a composição da população.
Pode ser feita uma articulação com o componente História com a habilidade EF07HI15, por meio de um debate sobre o importante papel da população africana na formação da cultura brasileira. É possível realizar ainda, um trabalho conjunto com a habilidade EF07HI03, ao propor uma investigação sobre os aportes territoriais e culturais dos povos indígenas brasileiros, no passado e no presente, permitindo ao estudante reconhecer diferentes impactos da colonização europeia para esses povos originários até os dias atuais."
EF07GE05,Ensino Fundamental,07,,Geografia,05,Analisar fatos e situações representativas das alterações ocorridas entre o período mercantilista e o advento do capitalismo.,Mundo do trabalho,"Produção, circulação e consumo de mercadorias",,,,,,,
EF07GE06,Ensino Fundamental,07,,Geografia,06,"Discutir em que medida a produção, a circulação e o consumo de mercadorias provocam impactos ambientais, assim como influem na distribuição de riquezas, em diferentes lugares.",Mundo do trabalho,"Produção, circulação e consumo de mercadorias",sim,AF,EF06GE06,"• Identificar formas  de trabalho existentes nas diversas etapas de extração/produção, circulação e venda de alimentos e mercadorias.
• Relacionar mudanças técnicas e científicas decorrentes do processo de industrialização com transformações no mundo do trabalho em diversos setores da economia brasileira.
• Analisar a importância das redes de transporte e comunicação nas etapas de extração/produção, circulação e venda de mercadorias e no desenvolvimento da economia brasileira.
• Reconhecer que as formas de produção e os padrões de consumo provocam diversos impactos socioambientais.","CG: 1, 2 e 7
CE: 1, 2, 3 e 5
CA: 3, 5 e 7","AC:
- EF07GE07: pode ser desenvolvida junto à AF.
- EF07GE08: pode ser desenvolvida junto à AF.
AF:
- EF07GE09: pode ser desenvolvida junto à AF.
- EF07GE10:  pode ser desenvolvida junto à AF.","A habilidade permite ao estudante reconhecer que existem diferentes tipos de trabalhos e empregos (temporários e permanentes, formal ou informal) associados às atuais redes de produção, circulação e consumo de mercadorias. O trabalho se revela como algo fundamental para a integração social e para a garantia de recursos para suprir as necessidades materiais da sociedade. Sugere-se que o estudante analise exemplos de cadeias de processos de produção, circulação e consumo de mercadorias, ressaltando o papel das redes de transporte e de comunicação (desenvolvimento do princípio do raciocínio geográfico de conexão).   Vale chamar a atenção ao fato de que, em muitos locais do mundo, são assistidas mudanças significativas no mundo do trabalho, em razão do emprego de novas máquinas e tecnologias e essas mudanças resultam em consequências socioambientais tanto positivas quanto negativas. Importante propor debates e atividades que favoreçam a construção de uma postura responsável dos estudantes, como usuários e consumidores, à favor da preservação dos recursos naturais e de condições dignas ao trabalhador. Essa habilidade permite aproximação com o ODS 9 e 12."
EF07GE07,Ensino Fundamental,07,,Geografia,07,Analisar a influência e o papel das redes de transporte e comunicação na configuração do território brasileiro.,Mundo do trabalho,Desigualdade social e o trabalho,,,,,,,
EF07GE08,Ensino Fundamental,07,,Geografia,08,Estabelecer relações entre os processos de industrialização e inovação tecnológica com as transformações socioeconômicas do território brasileiro.,Mundo do trabalho,Desigualdade social e o trabalho,,,,,,,
EF07GE09,Ensino Fundamental,07,,Geografia,09,"Interpretar e elaborar mapas temáticos e históricos, inclusive utilizando tecnologias digitais, com informações demográficas e econômicas do Brasil (cartogramas), identificando padrões espaciais, regionalizações e analogias espaciais.",Formas de representação e pensamento espacial,Mapas temáticos do Brasil,sim,AF/AC,EF06GE08 e EF06GE09,"• Interpretar e/ou elaborar mapas temáticos e históricos relacionados às mudanças das configurações dos limites internacionais e das unidades federativas do Brasil.
• Interpretar e/ou elaborar mapas temáticos e históricos relacionados à produção nos diferentes setores da economia e às redes de transporte e comunicação.
• Interpretar mapas temáticos sobre demografia brasileira.
• Interpretar mapas relacionados aos componentes físico-naturais do território brasileiro e/ou às Unidades de Conservação.","CG: 1, 4 e 5
CE: 3 e 5
CA: 2 e 7","AF:
- EF07GE02: pode ser desenvolvida junto à AF.
- EF07GE04: pode ser desenvolvida junto à AF.
- EF07GE06:  pode ser desenvolvida junto à AF.
- EF07HI02: amplia o conhecimento da AF.
- EF07HI15: amplia o conhecimento da AF.
AC:
- EF07GE12: pode ser desenvolvida junto à AF.","O desenvolvimento dessa habilidade relacionada à alfabetização cartográfica deve ser realizado em conjunto com as habilidades relativas à alfabetização geográfica, visto que a cartografia é uma ferramenta muito importante para as análises espaciais e o desenvolvimento do raciocínio geográfico. Tal habilidade segue voltada para o trabalho de leitura e interpretação de mapas temáticos e históricos, instigando a utilização, se possível, de tecnologias cartográficas  digitais.
Pode-se desenvolver um trabalho conjunto com o componente História a partir da habilidade EF07HI02, relacionada ao estudo de mapas temáticos e históricos relacionados às Grandes Navegações. É possível ainda, a  articulação com a habilidade EF07HI15, por meio de uma análise cartográfica da origem e do destino do comércio de africanos escravizados."
EF07GE10,Ensino Fundamental,07,,Geografia,10,"Elaborar e interpretar gráficos de barras, gráficos de setores e histogramas, com base em dados socioeconômicos das regiões brasileiras.",Formas de representação e pensamento espacial,Mapas temáticos do Brasil,sim,AF/AC,EF06GE08 e EF06GE09,"• Interpretar e elaborar gráficos referentes à demografia brasileira por região brasileira.
• Interpretar e elaborar gráficos relacionados à produção nos setores primário, secundário e terciário da economia e às redes de transporte e comunicação.","CG: 1 e 4
CE: 3 e 5
CA: 2 e 7","AF:
- EF07GE04: pode ser desenvolvida junto à AF.
- EF07GE06:  pode ser desenvolvida junto à AF.","Tal habilidade tem como foco o trabalho de leitura e interpretação de gráficos de barras, gráficos de setores e histogramas, com base em dados socioeconômicos das regiões brasileiras. Os gráficos são representações  que permitem aos estudantes explorar visualmente informações quantitativas sobre características socioeconômicas do Brasil. Recomenda-se a realização de um trabalho conjunto com o componente Matemática relacionado à demografia da população brasileira por meio do desenvolvimento da habilidade (EF07MA36)."
EF07GE11,Ensino Fundamental,07,,Geografia,11,"Caracterizar dinâmicas dos componentes físico-naturais no território nacional, bem como sua distribuição e biodiversidade (Florestas Tropicais, Cerrados, Caatingas, Campos Sulinos e Matas de Araucária).","Natureza, ambientes e qualidade de vida",Biodiversidade brasileira,sim,AF,"EF06GE03, EF06GE04, EF06GE11 e EF06GE12","• Avaliar, por meio de exemplos extraídos dos meios de comunicação, estereótipos acerca das paisagens do Brasil.
• Indicar as principais formas de relevo e fatores que atuam no clima e na hidrografia do Brasil e influenciam suas formações vegetais.
• Apontar causas e consequências da devastação de importantes formações vegetais brasileiras, identificando ações que vêm contribuindo para a sua preservação.
• Identificar os grupos de Unidades de Conservação existentes no Brasil, indicando sua importância socioambiental.","CG: 1 e 2
CE: 1, 3, 5 e 7
CA: 2 e 7","AC:
- EF07GE01: pode ser desenvolvida junto à AF.
- EF07GE12: pode ser desenvolvida junto à AF.
AF:
- EF07GE09: pode ser desenvolvida junto à AF.","Essa habilidade desenvolve temas relativos à geografia física. Sugere-se um trabalho que valorize uma análise inter-relacional dos elementos naturais, para depois avaliar transformações ocorridas na paisagem a partir da ocupação humana. Pode-se desenvolver por exemplo, atividades relacionadas às formas do relevo brasileiro e seus processos de formação, indicando razões e consequências de diferentes ações humanas que promovem sua alteração. Para o trabalho com os domínios morfoclimáticos, pode-se caracterizar os principais tipos de clima do Brasil (indicando fatores que vêm evidenciando  mudanças climáticas no país) e principais regiões hidrográficas (identificando características, usos e ameaças à sua conservação).  Interessa também desenvolver atividades em que o estudante  identifique as principais fisionomias vegetais brasileiras e seus Biomas e os principais fatores que têm levado ao seu desmatamento (podendo-se fazer um trabalho interdisciplinar com Ciências - EF07CI07). Nesse sentido, vale explorar os objetivos das Unidades de Conservação de Proteção Integral e de Uso Sustentável e os principais problemas encontrados no seu interior e entorno. Essa habilidade permite aproximação com o ODS  15 e com o tema contemporâneo transversal Educação Ambiental."
EF07GE12,Ensino Fundamental,07,,Geografia,12,"Comparar unidades de conservação existentes no Município de residência e em outras localidades brasileiras, com base na organização do Sistema Nacional de Unidades de Conservação (SNUC).","Natureza, ambientes e qualidade de vida",Biodiversidade brasileira,,,,,,,
EF07HI01,Ensino Fundamental,07,,História,01,"Explicar o significado de “modernidade” e suas lógicas de inclusão e exclusão, com base em uma concepção europeia.","O mundo moderno e a conexão entre sociedades africanas, americanas e europeias",A construção da ideia de modernidade e seus impactos na concepção de História,sim,AF,EF06HI01 e EF06HI14,"• Levantar conhecimentos prévios e conhecer os principais aspectos do conceito modernidade.
• Descrever os processos de formação e consolidação das monarquias e suas principais características com vistas à compreensão das razões da centralização política.
• Identificar as principais características dos Humanismos e dos Renascimentos e analisar seus significados.
• Identificar e relacionar as vinculações entre as reformas religiosas e os processos culturais e sociais do período moderno na Europa e na América.","CG: 1 e 2
CA: 2 e 3
CE: 1, 2 e 6","AC:
- EF07HI07: pode ser desenvolvida junto à AF.
- EF07HI04: pode ser desenvolvida junto à AF.
- EF07HI05: pode ser desenvolvida junto à AF.","Essa aprendizagem permite desenvolver atividades que estimulem o estudante a refletir sobre o conceito modernidade e, com base no reconhecimento de seus principais aspectos, compreender a formação e a consolidação das monarquias absolutistas, assim como os processos de legitimação desse poder, que tem no direito divino dos reis sua máxima. Garante também ao estudante conhecer e compreender os processos históricos e os ideais dos Humanismos, dos Renascimentos e das reformas religiosas, como movimentos que questionaram aspectos e estruturas do Antigo Regime. Como possibilidade de atividade prática, é possível organizar leituras individuais e coletivas de textos e documentos produzidos nos contextos históricos em questão, para fazer o estudante identificar discursos e argumentos utilizados para justificar e/ou sustentar lógicas de inclusão e exclusão, seja nos aspectos políticos, econômicos e sociais, mas também nos aspectos religiosos e culturais. Viabiliza também, a exploração e a análise de diferentes fontes e linguagens, como textos filosóficos, literários e religiosos, obras de arte, produções fílmicas, entre outros."
EF07HI02,Ensino Fundamental,07,,História,02,"Identificar conexões e interações entre as sociedades do Novo Mundo, da Europa, da África e da Ásia no contexto das navegações e indicar a complexidade e as interações que ocorrem nos Oceanos Atlântico, Índico e Pacífico.","O mundo moderno e a conexão entre sociedades africanas, americanas e europeias",A ideia de “Novo Mundo” ante o Mundo Antigo: permanências e rupturas de saberes e práticas na emergência do mundo moderno,sim,AF,EF06HI14 e EF07HI01,"• Construir os conceitos expansão e dominação.
• Identificar as diferenças culturais, sociais e saberes entre os povos do Novo Mundo e dos povos e das civilizações da Europa, da África e da Ásia.
• Comparar as navegações no Atlântico e no Pacífico entre os séculos XIV e XVI.","CG: 1, 2 e 9
CA: 2, 4 e 5
CE: 1 e 5","AC:
- EF07HI06: pode ser desenvolvida junto à AF.
AF:
- EF07GE09: amplia o conhecimento da AF.","É possível realizar um trabalho integrado com o componente Geografia (EF07GE09), uma vez que permite o estudante analisar o período das Grandes Navegações e reconhecer o avanço significativo da cartografia, arte e técnica de representação do espaço geográfico. Pode-se propor um trabalho de interpretação dos mapas de navegação e mapas históricos desse período, incluindo as Cartas Portulanas, permitindo que o estudante desvende suas características e as mentalidades ""representadas"" graficamente da época. Não obstante, é possível organizar atividades em que o estudante poderá explorar textos que versam sobre os primeiros contatos entre nativos americanos e europeus colonizadores, tal como o chamado “erro de Colombo”, de modo que o estudante identifique as impressões suscitadas desse encontro. Também é possível propor um debate sobre o atual negacionismo científico que move as fakes news, com destaque para o terraplanismo, explorando diferentes redes sociais. Por fim, em parceria com o componente Língua Portuguesa, permite a leitura e a análise da obra de Camões Os Lusíadas, visando traçar o contexto das Grandes Navegações para os estudantes."
EF07HI03,Ensino Fundamental,07,,História,03,"Identificar aspectos e processos específicos das sociedades africanas e americanas antes da chegada dos europeus, com destaque para as formas de organização social e o desenvolvimento de saberes e técnicas.","O mundo moderno e a conexão entre sociedades africanas, americanas e europeias",Saberes dos povos africanos e pré-colombianos expressos na cultura material e imaterial,sim,AF,EF06HI14,"• Identificar os espaços territoriais e os aportes culturais, científicos, sociais e econômicos de diferentes sociedades africanas antes da chegada dos europeus.
• Descrever as formas de organização das sociedades americanas (astecas, maias, incas e dos povos indígenas de diversas regiões brasileiras) no tempo da conquista com vistas à compreensão dos mecanismos de alianças, confrontos e resistências.
• Analisar os diferentes impactos da conquista europeia da América para as populações ameríndias e identificar as formas de resistência.","CG: 1 e 2
CA: 1, 2 e 5
CE: 1 e 4","AC:
- EF07HI08: pode ser desenvolvida junto à AF.
- EF07HI09: pode ser desenvolvida junto à AF.
AF:
- EF07GE04: amplia o conhecimento da AF.","É possível realizar um trabalho com o componente Geografia, por meio da habilidade (EF07GE04), ao propor atividades de pesquisa e investigação sobre os aportes territoriais e culturais dos povos indígenas brasileiros, no passado e no presente, ou seja, a sua atual distribuição e organização. Objetiva-se, desse modo, que o estudante identifique os diferentes impactos da colonização europeia para estes povos originários e nativos, e, consequentemente, perceba a importância de valorizar seus modos de vida e, principalmente, a necessidade de demarcação de suas terras para garantir sua sobrevivência física e cultural, assegurando a preservação da história do povo brasileiro."
EF07HI04,Ensino Fundamental,07,,História,04,Identificar as principais características dos Humanismos e dos Renascimentos e analisar seus significados.,"Humanismos, Renascimentos e o Novo Mundo",Humanismos: uma nova visão de ser humano e de mundo,,,,,,,
EF07HI05,Ensino Fundamental,07,,História,05,Identificar e relacionar as vinculações entre as reformas religiosas e os processos culturais e sociais do período moderno na Europa e na América.,"Humanismos, Renascimentos e o Novo Mundo",Reformas religiosas: a cristandade fragmentada,,,,,,,
EF07HI06,Ensino Fundamental,07,,História,06,Comparar as navegações no Atlântico e no Pacífico entre os séculos XIV e XVI.,"Humanismos, Renascimentos e o Novo Mundo",As descobertas científicas e a expansão marítima,,,,,,,
EF07HI07,Ensino Fundamental,07,,História,07,Descrever os processos de formação e consolidação das monarquias e suas principais características com vistas à compreensão das razões da centralização política.,A organização do poder e as dinâmicas do mundo colonial americano,A formação e o funcionamento das monarquias europeias: a lógica da centralização política e os conflitos na Europa,,,,,,,
EF07HI08,Ensino Fundamental,07,,História,08,"Descrever as formas de organização das sociedades americanas no tempo da conquista com vistas à compreensão dos mecanismos de alianças, confrontos e resistências.",A organização do poder e as dinâmicas do mundo colonial americano,"A conquista da América e as formas de organização política dos indígenas e europeus: conflitos, dominação e conciliação",,,,,,,
EF07HI09,Ensino Fundamental,07,,História,09,Analisar os diferentes impactos da conquista europeia da América para as populações ameríndias e identificar as formas de resistência.,A organização do poder e as dinâmicas do mundo colonial americano,"A conquista da América e as formas de organização política dos indígenas e europeus: conflitos, dominação e conciliação",,,,,,,
EF07HI10,Ensino Fundamental,07,,História,10,"Analisar, com base em documentos históricos, diferentes interpretações sobre as dinâmicas das sociedades americanas no período colonial.",A organização do poder e as dinâmicas do mundo colonial americano,"Resistências indígenas, invasões e expansão na América portuguesa",,,,,,,
EF07HI11,Ensino Fundamental,07,,História,11,Analisar a formação histórico-geográfica do território da América portuguesa por meio de mapas históricos.,A organização do poder e as dinâmicas do mundo colonial americano,"Resistências indígenas, invasões e expansão na América portuguesa",,,,,,,
EF07HI12,Ensino Fundamental,07,,História,12,"Identificar a distribuição territorial da população brasileira em diferentes épocas, considerando a diversidade étnico-racial e étnico-cultural (indígena, africana, europeia e asiática).",A organização do poder e as dinâmicas do mundo colonial americano,"Resistências indígenas, invasões e expansão na América portuguesa",,,,,,,
EF07HI13,Ensino Fundamental,07,,História,13,Caracterizar a ação dos europeus e suas lógicas mercantis visando ao domínio no mundo atlântico.,Lógicas comerciais e mercantis da modernidade,As lógicas mercantis e o domínio europeu sobre os mares e o contraponto Oriental,sim,AF,EF07HI01 e EF07HI02,• Descrever as dinâmicas comerciais das sociedades americanas e africanas e analisar suas interações com outras sociedades do Ocidente e do Oriente.,"CG: 1 e 2
CA: 2 e 3
CE: 5","AC:
- EF07HI14: pode ser desenvolvida junto à AF.","Essa habilidade permite o estudante identificar e analisar as dinâmicas comerciais no mundo atlântico e reconhecer a circulação de mercadorias. É possível, por exemplo, explorar e analisar a prática do comércio triangular, em que foram estabelecidas relações comerciais entre a África, a Europa e as Américas (do Norte, do Sul e Central), sobretudo no século XVI. Esse estudo permite que o estudante reconheça as rotas comerciais e os principais produtos trocados e/ou vendidos nessas interações. Como possibilidade de atividade prática, é possível reconstruir essas rotas comerciais em mapas (impressos ou digitais), em que o estudante poderá levantar os principais produtos comercializados, bem como as interações comercias e culturais estabelecidas."
EF07HI14,Ensino Fundamental,07,,História,14,Descrever as dinâmicas comerciais das sociedades americanas e africanas e analisar suas interações com outras sociedades do Ocidente e do Oriente.,Lógicas comerciais e mercantis da modernidade,As lógicas mercantis e o domínio europeu sobre os mares e o contraponto Oriental,,,,,,,
EF07HI15,Ensino Fundamental,07,,História,15,Discutir o conceito de escravidão moderna e suas distinções em relação ao escravismo antigo e à servidão medieval.,Lógicas comerciais e mercantis da modernidade,As formas de organização das sociedades ameríndias,sim,AF,EF06HI14,"• Conceituar escravidão moderna e antiga e diferenciar da servidão medieval.
• Analisar os mecanismos e as dinâmicas de comércio de escravizados em suas diferentes fases.
• Identificar os agentes responsáveis pelo tráfico e as regiões e zonas africanas de procedência dos escravizados.","CG: 1, 2 e 9
CA: 2
CE: 1, 5 e 6","AC:
- EF07HI16: pode ser desenvolvida junto à AF.
AF:
- EF07GE04: amplia o conhecimento da AF.
- EF07GE09: amplia o conhecimento da AF.","É possível realizar um trabalho com o componente Geografia propondo a realização de um debate sobre o essencial papel da população africana na formação da cultura brasileira (EF07GE04). Pode-se também, encaminhar uma análise cartográfica e iconográfica da origem e do destino do comércio de africanos escravizados (EF07GE09), ressaltando as condições desumanas e insalubres das embarcações que os traziam. Sugere-se, ainda, a análise do filme Amistad (direção de Steven Spielberg, 1997), como ferramenta pedagógica que demonstra as relações estabelecidas entre europeus e africanos e evidencia o processo de captura, escravização, transporte e comercialização desses povos já em terras americanas."
EF07HI16,Ensino Fundamental,07,,História,16,"Analisar os mecanismos e as dinâmicas de comércio de escravizados em suas diferentes fases, identificando os agentes responsáveis pelo tráfico e as regiões e zonas africanas de procedência dos escravizados.",Lógicas comerciais e mercantis da modernidade,A escravidão moderna e o tráfico de escravizados,,,,,,,
EF07HI17,Ensino Fundamental,07,,História,17,Discutir as razões da passagem do mercantilismo para o capitalismo.,Lógicas comerciais e mercantis da modernidade,A emergência do capitalismo,sim,AF,"EF07HI01, EF07HI04 e EF07HI05","• Conceituar capitalismo e explicar suas fases.
• Identificar e analisar os elementos que permitiram o nascimento do capitalismo.
• Identificar as novas relações de trabalho e produção no capitalismo.
• Refletir sobre os impactos do capitalismo nas relações sociais e nos modos de vida, advindas das novas relações de produção e trabalho.","CG: 1, 2 e 6
CA: 2
CE: 1 e 6",NENHUMA,"Essa aprendizagem em foco permite articular atividades que favoreçam o estudante a refletir sobre os impactos da modernidade na emergência do capitalismo. Como possibilidade de atividade prática, sugere-se o desenvolvimento de projetos sobre os temas contemporâneos transversais de ciência e tecnologia e trabalho, no qual o estudante poderá reconhecer e estabelecer comparações entre as dinâmicas impostas ao mundo do trabalho – advindas do desenvolvimento técnico e científico no contexto de consolidação do capitalismo industrial – e as novas formas e relações de trabalho oriundas da Revolução Digital 4.0, vivenciadas por eles indiretamente. Essa proposta permite ao estudante fazer uma análise crítica da relação entre ciência e mundo do trabalho, e evidenciar potencialidades e limites suscitados dessas dinâmicas produtivas. Essa proposta pode ser desenvolvida com o ODS 8."
EF07LI01,Ensino Fundamental,07,,Língua Inglesa,01,"Interagir em situações de intercâmbio oral para realizar as atividades em sala de aula, de forma respeitosa e colaborativa, trocando ideias e engajando-se em brincadeiras e jogos.",Interação discursiva,Funções e usos da língua inglesa: convivência e colaboração em sala de aula,,,,,,,
EF07LI02,Ensino Fundamental,07,,Língua Inglesa,02,Entrevistar os colegas para conhecer suas histórias de vida.,Interação discursiva,Práticas investigativas,,,,,,,
EF07LI03,Ensino Fundamental,07,,Língua Inglesa,03,Mobilizar conhecimentos prévios para compreender texto oral.,Compreensão oral,Estratégias de compreensão de textos orais: conhecimentos prévios,,,,,,,
EF07LI04,Ensino Fundamental,07,,Língua Inglesa,04,"Identificar o contexto, a finalidade, o assunto e os interlocutores em textos orais presentes no cinema, na internet, na televisão, entre outros.",Compreensão oral,Compreensão de textos orais de cunho descritivo ou narrativo,,,,,,,
EF07LI05,Ensino Fundamental,07,,Língua Inglesa,05,"Compor, em língua inglesa, narrativas orais sobre fatos, acontecimentos e personalidades marcantes do passado.",Produção oral,"Produção de textos orais, com mediação do professor",,,,,,,
EF07LI06,Ensino Fundamental,07,,Língua Inglesa,06,"Antecipar o sentido global de textos em língua inglesa por inferências, com base em leitura rápida, observando títulos, primeiras e últimas frases de parágrafos e palavras-chave repetidas.",Estratégias de leitura,"Compreensão geral e específica: leitura rápida ( skimming , scanning )",,,,,,,
EF07LI07,Ensino Fundamental,07,,Língua Inglesa,07,Identificar a(s) informação(ões)-chave de partes de um texto em língua inglesa (parágrafos).,Estratégias de leitura,"Compreensão geral e específica: leitura rápida ( skimming , scanning )",,,,,,,
EF07LI08,Ensino Fundamental,07,,Língua Inglesa,08,Relacionar as partes de um texto (parágrafos) para construir seu sentido global.,Estratégias de leitura,Construção do sentido global do texto,,,,,,,
EF07LI09,Ensino Fundamental,07,,Língua Inglesa,09,"Selecionar, em um texto, a informação desejada como objetivo de leitura.",Práticas de leitura e pesquisa,Objetivos de leitura,,,,,,,
EF07LI10,Ensino Fundamental,07,,Língua Inglesa,10,"Escolher, em ambientes virtuais, textos em língua inglesa, de fontes confiáveis, para estudos/pesquisas escolares.",Práticas de leitura e pesquisa,Leitura de textos digitais para estudo,,,,,,,
EF07LI11,Ensino Fundamental,07,,Língua Inglesa,11,"Participar de troca de opiniões e informações sobre textos, lidos na sala de aula ou em outros ambientes.",Atitudes e disposições favoráveis do leitor,Partilha de leitura,,,,,,,
EF07LI12,Ensino Fundamental,07,,Língua Inglesa,12,"Planejar a escrita de textos em função do contexto (público, finalidade, layout e suporte).",Estratégias de escrita: pré-escrita e escrita,"Pré-escrita: planejamento de produção escrita, com mediação do professor",,,,,,,
EF07LI13,Ensino Fundamental,07,,Língua Inglesa,13,"Organizar texto em unidades de sentido, dividindo-o em parágrafos ou tópicos e subtópicos, explorando as possibilidades de organização gráfica, de suporte e de formato do texto.",Estratégias de escrita: pré-escrita e escrita,"Escrita: organização em parágrafos ou tópicos, com mediação do professor",,,,,,,
EF07LI14,Ensino Fundamental,07,,Língua Inglesa,14,"Produzir textos diversos sobre fatos, acontecimentos e personalidades do passado (linha do tempo/timelines, biografias, verbetes de enciclopédias, blogues, entre outros).",Práticas de escrita,"Produção de textos escritos, em formatos diversos, com mediação do professor",,,,,,,
EF07LI15,Ensino Fundamental,07,,Língua Inglesa,15,"Construir repertório lexical relativo a verbos regulares e irregulares (formas no passado), preposições de tempo (in, on, at) e conectores (and, but, because, then, so, before, after, entre outros).",Estudo do léxico,Construção de repertório lexical,,,,,,,
EF07LI16,Ensino Fundamental,07,,Língua Inglesa,16,Reconhecer a pronúncia de verbos regulares no passado (-ed).,Estudo do léxico,Pronúncia,,,,,,,
EF07LI17,Ensino Fundamental,07,,Língua Inglesa,17,Explorar o caráter polissêmico de palavras de acordo com o contexto de uso.,Estudo do léxico,Polissemia,,,,,,,
EF07LI18,Ensino Fundamental,07,,Língua Inglesa,18,"Utilizar o passado simples e o passado contínuo para produzir textos orais e escritos, mostrando relações de sequência e causalidade.",Gramática,"Passado simples e contínuo (formas afirmativa, negativa e interrogativa)",,,,,,,
EF07LI19,Ensino Fundamental,07,,Língua Inglesa,19,Discriminar sujeito de objeto utilizando pronomes a eles relacionados.,Gramática,Pronomes do caso reto e do caso oblíquo,,,,,,,
EF07LI20,Ensino Fundamental,07,,Língua Inglesa,20,"Empregar, de forma inteligível, o verbo modal can para descrever habilidades (no presente e no passado).",Gramática,Verbo modal can (presente e passado),,,,,,,
EF07LI21,Ensino Fundamental,07,,Língua Inglesa,21,Analisar o alcance da língua inglesa e os seus contextos de uso no mundo globalizado.,A língua inglesa no mundo,A língua inglesa como língua global na sociedade contemporânea,,,,,,,
EF07LI22,Ensino Fundamental,07,,Língua Inglesa,22,"Explorar modos de falar em língua inglesa, refutando preconceitos e reconhecendo a variação linguística como fenômeno natural das línguas.",Comunicação intercultural,Variação linguística,,,,,,,
EF07LI23,Ensino Fundamental,07,,Língua Inglesa,23,Reconhecer a variação linguística como manifestação de formas de pensar e expressar o mundo.,Comunicação intercultural,Variação linguística,,,,,,,
EF07LP01,Ensino Fundamental,07,,Língua Portuguesa,01,"Distinguir diferentes propostas editoriais – sensacionalismo, jornalismo investigativo etc. –, de forma a identificar os recursos utilizados para impactar/chocar o leitor que podem comprometer uma análise crítica da notícia e do fato noticiado.",Leitura,"Reconstrução do contexto de produção, circulação e recepção de textos",sim,AF,"EF06LP01, EF06LP03, EF06LP04.","• Reconhecer propostas editoriais.
• Comparar textos de diferentes propostas.
• Identificar os recursos para impactar o leitor (escolhas lexicais, imagens etc.).","CG:  2, 4 e 10  CA: 2 e 3  CE: 2, 3, 6 e 7","EF: EF69LP01, EF69LP03, EF69LP17, EF69LP16                     AF: EF07LP02, EF67LP06, EF67LP02, EF67LP03, EF67LP04, EF67LP05, EF67LP07, EF67LP08
AC: EF07LP08, EF07LP09, EF07LP10,  EF07LP11, EF07LP12, EF07LP13, EF07LP14,  EF69LP31","A habilidade prevê que seja desenvolvida uma visão crítica do estudante em relação aos gêneros jornalísticos. Dessa forma, a fim de que essa criticidade seja desenvolvida, propõe-se que os estudantes sejam expostos a diferentes jornais e revistas, impressos e digitais de modo regular. Isso pode ser feito por meio de rodas de leitura de notícias e reportagens e posterior discussão sobre os assuntos tratados de modo a estimular os estudantes a se posicionar. Além disso, sugere-se propor atividades de comparação de notícias e reportagens que tratem do mesmo assunto para que seja observado como cada veículo se posiciona sobre o tema. Nesse sentido, pode-se propor a análise de escolhas lexicais (como “manifestante” x “vândalo”), relacionando a proposta à habilidade EF06LP03 que propõe um trabalho com a sinonímia. Outra possibilidade é analisar a  escolha de estruturas sintáticas, associando as atividades à habilidade EF06LP05 que propõe a diferenciação de sentido dos modos verbais. Sugere-se, ainda, que sejam considerados os aspectos multissemióticos dos textos, como gráficos, tabelas e imagens que ajudam a produzir sentidos. Para avaliar, é possível observar os registros escritos dos estudantes, bem como propor que eles selecionem dois textos com a mesma temática e apresentem suas diferenças. O desenvolvimento dessa habilidade possibilita  que o estudante se posicione de maneira ética e consciente, assegurando também uma relação com o Objetivo de Desenvolvimento Sustentável (ODS) 4 que visa uma educação inclusiva e de qualidade."
EF07LP02,Ensino Fundamental,07,,Língua Portuguesa,02,"Comparar notícias e reportagens sobre um mesmo fato divulgadas em diferentes mídias, analisando as especificidades das mídias, os processos de (re)elaboração dos textos e a convergência das mídias em notícias ou reportagens multissemióticas.",Leitura,"Caracterização do campo jornalístico e relação entre os gêneros em circulação, mídias e práticas da cultura digital",sim,AF,EF06LP02,"• Identificar os gêneros notícia e reportagem.
• Reconhecer as características do gênero e suas condições de produção.
• Analisar o estilo do gênero (escolhas lexicais, estruturas sintáticas).
• Comparar os textos considerando seu suporte e diferentes semioses.","CG:  2, 4 e 10  CA: 2 e 3
CE: 2, 3 e 7","EF: EF69LP16, EF69LP17,  EF69LP05     AF:EF67LP01 e EF67LP03
AC: EF07LP11, EF07LP12, EF07LP13, EF67LP33,  EF67LP36, EF67LP37, EF69LP31","Esta habilidade propõe que o estudante reconheça que a notícia desempenha um papel central em relação a outros gêneros jornalísticos, como artigos de opinião, editoriais, crônicas, charges, crônicas, entre outros, que estabelecem uma relação de intertextualidade com a notícia. Para desenvolver essa habilidade sugere-se propor atividades que promovam a leitura dos veículos de comunicação diversos, como jornais impressos e digitais. Uma possibilidade é propor que os estudantes sejam divididos de grupos e recebam diferentes periódicos para análise, em seguida, eles devem registrar, em tabelas, quais gêneros eles encontraram no periódico bem como seus títulos e apresentar para os demais. Dessa forma, os estudantes podem perceber a predominância das notícias bem como sua relevância no veículo. Outra opção é promover leitura desses textos em rodas para discussão coletiva. Sugere-se, também, a leitura de textos próprios da cultura digital, multissemióticos, como memes e figurinhas que se relacionam diretamente com a notícia. A essas sugestões, permite-se articular as habilidades de análise linguística e semiótica da série. Nesse sentido, é possível observar de que modo as classes de palavras ou o uso de períodos simples ou compostos ajudam a compor o sentido do texto. A avaliação pode ser feita de maneira a observar o posicionamento do estudante, seja oralmente ou por escrito."
EF07LP03,Ensino Fundamental,07,,Língua Portuguesa,03,"Formar, com base em palavras primitivas, palavras derivadas com os prefixos e sufixos mais produtivos no português.",Análise linguística/semiótica,Léxico/morfologia,,,,,,,
EF07LP04,Ensino Fundamental,07,,Língua Portuguesa,04,"Reconhecer, em textos, o verbo como o núcleo das orações.",Análise linguística/semiótica,Morfossintaxe,,,,,,,
EF07LP05,Ensino Fundamental,07,,Língua Portuguesa,05,"Identificar, em orações de textos lidos ou de produção própria, verbos de predicação completa e incompleta: intransitivos e transitivos.",Análise linguística/semiótica,Morfossintaxe,,,,,,,
EF07LP06,Ensino Fundamental,07,,Língua Portuguesa,06,Empregar as regras básicas de concordância nominal e verbal em situações comunicativas e na produção de textos.,Análise linguística/semiótica,Morfossintaxe,,,,,,,
EF07LP07,Ensino Fundamental,07,,Língua Portuguesa,07,"Identificar, em textos lidos ou de produção própria, a estrutura básica da oração: sujeito, predicado, complemento (objetos direto e indireto).",Análise linguística/semiótica,Morfossintaxe,,,,,,,
EF07LP08,Ensino Fundamental,07,,Língua Portuguesa,08,"Identificar, em textos lidos ou de produção própria, adjetivos que ampliam o sentido do substantivo sujeito ou complemento verbal.",Análise linguística/semiótica,Morfossintaxe,,,,,,,
EF07LP09,Ensino Fundamental,07,,Língua Portuguesa,09,"Identificar, em textos lidos ou de produção própria, advérbios e locuções adverbiais que ampliam o sentido do verbo núcleo da oração.",Análise linguística/semiótica,Morfossintaxe,,,,,,,
EF07LP10,Ensino Fundamental,07,,Língua Portuguesa,10,"Utilizar, ao produzir texto, conhecimentos linguísticos e gramaticais: modos e tempos verbais, concordância nominal e verbal, pontuação etc.",Análise linguística/semiótica,Morfossintaxe,,,,,,,
EF07LP11,Ensino Fundamental,07,,Língua Portuguesa,11,"Identificar, em textos lidos ou de produção própria, períodos compostos nos quais duas orações são conectadas por vírgula, ou por conjunções que expressem soma de sentido (conjunção “e”) ou oposição de sentidos (conjunções “mas”, “porém”).",Análise linguística/semiótica,Morfossintaxe,,,,,,,
EF07LP12,Ensino Fundamental,07,,Língua Portuguesa,12,"Reconhecer recursos de coesão referencial: substituições lexicais (de substantivos por sinônimos) ou pronominais (uso de pronomes anafóricos – pessoais, possessivos, demonstrativos).",Análise linguística/semiótica,Coesão,,,,,,,
EF07LP13,Ensino Fundamental,07,,Língua Portuguesa,13,"Estabelecer relações entre partes do texto, identificando substituições lexicais (de substantivos por sinônimos) ou pronominais (uso de pronomes anafóricos – pessoais, possessivos, demonstrativos), que contribuem para a continuidade do texto.",Análise linguística/semiótica,Coesão,,,,,,,
EF07LP14,Ensino Fundamental,07,,Língua Portuguesa,14,"Identificar, em textos, os efeitos de sentido do uso de estratégias de modalização e argumentatividade.",Análise linguística/semiótica,Modalização,,,,,,,
EF07MA01,Ensino Fundamental,07,,Matemática,01,"Resolver e elaborar problemas com números naturais, envolvendo as noções de divisor e de múltiplo, podendo incluir máximo divisor comum ou mínimo múltiplo comum, por meio de estratégias diversas, sem a aplicação de algoritmos.",Números,Múltiplos e divisores de um número natural,,,,,,,
EF07MA02,Ensino Fundamental,07,,Matemática,02,"Resolver e elaborar problemas que envolvam porcentagens, como os que lidam com acréscimos e decréscimos simples, utilizando estratégias pessoais, cálculo mental e calculadora, no contexto de educação financeira, entre outros.",Números,Cálculo de porcentagens e de acréscimos e decréscimos simples,sim,AF,"EF06MA13
EF06MA08","• Identificar a porcentagem em uma situação-problema.
• Calcular porcentagens em acréscimos e decréscimos simples.
• (EF) Utilizar diferentes estratégias para cálculo de porcentagens (mental, calculadora e estratégias pessoais).
• (EF) Resolver problemas em contexto que envolvam o conceito e o cálculo de porcentagem.
• Elaborar situações-problema que envolvam porcentagem.","CE: 1, 5 e 6
CG: 2, 4, 5, 9 e 10",,"Resolver e elaborar problemas que envolvam porcentagens, como os que lidam com acréscimos e decréscimos simples, utilizando estratégias pessoais, cálculo mental e calculadora, no contexto de educação financeira, entre outros, implica em conhecer porcentagem, utilizar procedimentos pessoais, não convencionais e tecnológicos  para calcular porcentagens, sem regras ou técnicas formais, compreendendo o sentidos de acréscimos ou decréscimos percentuais e como utilizá-los nos contextos em que aparecem relacionados a diversas utilizações, em especial a educação financeira."
EF07MA03,Ensino Fundamental,07,,Matemática,03,"Comparar e ordenar números inteiros em diferentes contextos, incluindo o histórico, associá-los a pontos da reta numérica e utilizá-los em situações que envolvam adição e subtração.",Números,"Números inteiros: usos, história, ordenação, associação com pontos da reta numérica e operações",sim,AF,,"• Reconhecer números negativos em diversos contextos, incluindo o histórico.
• Representar números negativos na reta numérica.
• Comparar números inteiros.
• Compreender o conceito de oposto de um número inteiro.
• Aplicar a adição e a subtração de números negativos.",CG: 1 e 4,,"Comparar e ordenar números inteiros em diferentes contextos, incluindo o histórico, associá-los a pontos da reta numérica e utilizá-los em situações que envolvam adição e subtração implica em saber marcar pontos numa reta numérica, identificando a extensão da reta antes do zero, associando os números inteiros negativos com situações cotidianas, conhecedo as necessidades histórias que levaram ao seu surgimento, incluindo o tempo que levaram para serem reconhecidos como números e utilizar procedimentos diversos, incluindo calculadora e movimentos na reta para compreender a adição e a subtração com esses números."
EF07MA04,Ensino Fundamental,07,,Matemática,04,Resolver e elaborar problemas que envolvam operações com números inteiros.,Números,"Números inteiros: usos, história, ordenação, associação com pontos da reta numérica e operações",sim,AF,EF07MA03,"• Identificar a necessidade de modelar uma situação-problema com números inteiros.
• (EF) Operar com números inteiros.
• Determinar estratégias para resolução de situações-problema.
• Analisar a adequação da resposta obtida.
• Elaborar situações-problema que envolvam números inteiros.","CE: 5 e 6
CG: 2, 4, 9 e 10",EF07MA01 EF07MA07,Resolver e elaborar problemas que envolvam operações com números inteiros implica em o aluno aprender a reconhecer situações de uso dos números inteiros e aplicar as operações neste novo campo numérico na resolução de problemas a elas relacionados. Elaborar uma situação problema dadas operações numéricas também é esperado como uma forma de ampliar conhecimento das operações com inteiros.
EF07MA05,Ensino Fundamental,07,,Matemática,05,Resolver um mesmo problema utilizando diferentes algoritmos.,Números,"Fração e seus significados: como parte de inteiros, resultado da divisão, razão e operador",,,,,,,
EF07MA06,Ensino Fundamental,07,,Matemática,06,Reconhecer que as resoluções de um grupo de problemas que têm a mesma estrutura podem ser obtidas utilizando os mesmos procedimentos.,Números,"Fração e seus significados: como parte de inteiros, resultado da divisão, razão e operador",,,,,,,
EF07MA07,Ensino Fundamental,07,,Matemática,07,Representar por meio de um fluxograma os passos utilizados para resolver um grupo de problemas.,Números,"Fração e seus significados: como parte de inteiros, resultado da divisão, razão e operador",,,,,,,
EF07MA08,Ensino Fundamental,07,,Matemática,08,"Comparar e ordenar frações associadas às ideias de partes de inteiros, resultado da divisão, razão e operador.",Números,"Fração e seus significados: como parte de inteiros, resultado da divisão, razão e operador",sim,AF,EF06MA07,"• (EF) Compreender o conceito de razão entre duas grandezas.
• Identificar a fração como representação da razão entre duas grandezas, em diferentes contextos.
• Comparar frações apresentadas em suas diversas formas e em diferentes contextos.","CE: 2, 3, 5 e 6
CG: 1 e 4","EF07MA33
EF07MA09","Comparar e ordenar frações associadas às ideias de partes de inteiros, resultado da divisão, razão e operador implica em conhecer as formas de representar frações, seus significados (3/4 entendido como 3:4, três e cada 4 e 3/4 de uma quantidade), analisar sua ordem de grandeza e compará-las compreendendo as quantidades que elas representam de um todo."
EF07MA09,Ensino Fundamental,07,,Matemática,09,"Utilizar, na resolução de problemas, a associação entre razão e fração, como a fração 2/3 para expressar a razão de duas partes de uma grandeza para três partes da mesma ou três partes de outra grandeza.",Números,"Fração e seus significados: como parte de inteiros, resultado da divisão, razão e operador",,,,,,,
EF07MA10,Ensino Fundamental,07,,Matemática,10,Comparar e ordenar números racionais em diferentes contextos e associá-los a pontos da reta numérica.,Números,"Números racionais na representação fracionária e na decimal: usos, ordenação e associação com pontos da reta numérica e operações",sim,AF,EF06MA07,"• Reconhecer números racionais em contextos distintos, incluindo o histórico.
• Representar números racionais na reta numérica.
• Comparar números racionais.
• Utilizar a adição e a subtração de números racionais.","CE: 1, 3 e 6
CG: 4",,"Comparar e ordenar números racionais em diferentes contextos e associá-los a pontos da reta numérica implica em reconhecer números racionais na forma fracionária e decimal, desenvolver estratégias para comparar sua ordem de grandeza e representa-los geometricamente como pontos associados a uma reta numérica."
EF07MA11,Ensino Fundamental,07,,Matemática,11,"Compreender e utilizar a multiplicação e a divisão de números racionais, a relação entre elas e suas propriedades operatórias.",Números,"Números racionais na representação fracionária e na decimal: usos, ordenação e associação com pontos da reta numérica e operações",,,,,,,
EF07MA12,Ensino Fundamental,07,,Matemática,12,Resolver e elaborar problemas que envolvam as operações com números racionais.,Números,"Números racionais na representação fracionária e na decimal: usos, ordenação e associação com pontos da reta numérica e operações",sim,AF,EF06MA10,"• Identificar as operações com números racionais em situações-problema na forma fracionária e decimal.
• Modelar uma situação-problema por meio de operações entre números racionais.
• Utilizar as operações entre números racionais em cálculo de áreas e perímetros de figuras geométricas.
• Elaborar situações-problema em contextos que envolvam operações entre números racionais.","CE: 3 e 6
CG: 2, 4, 9 e 10",EF07MA11,"Compreender e utilizar a multiplicação e a divisão de números racionais, a relação entre elas e suas propriedades operatórias implica em compreender e utilizar diferentes estratégias para calacular multiplicação e divisão entre racionais na forma fracionária e decimal, bem como identificar que as propriedades mais usuais dessas operações e sua validade ou não em se tratando de números racionais. Os estudantes devem perceber que a comutatividade vale para a multiplicação, mas não para a divisão, como ocorria com operações com nautrais."
EF07MA13,Ensino Fundamental,07,,Matemática,13,"Compreender a ideia de variável, representada por letra ou símbolo, para expressar relação entre duas grandezas, diferenciando-a da ideia de incógnita.",Álgebra,Linguagem algébrica: variável e incógnita,sim,AF,,"• Compreender o conceito de variável e de incógnita em situações contextualizadas.
• Distinguir os conceitos de variável e de incógnita.
• Aplicar os conceitos de variável e de incógnita, usando letras ou símbolos para modelar a relação entre duas grandezas e equações de 1º grau.","CE: 6
 CG: 4",,"Compreender a ideia de variável, representada por letra ou símbolo, para expressar relação entre duas grandezas, diferenciando-a da ideia de incógnita implica em entender que há sentidos difentes para as letras em álgebra, assim, ao resolver uma equação temos a letra como incógnita, isto é, representando um valor desconhecio temporariamente e que torna-se conhecido assim que a equação é resolvida. Já na expressão  y = 2n que representa a forma genérica de todos os números pares, com n sendo um número natural, a letra é uma variável uma vez que pode ser substituída por qualquer número natural a partir do zero."
EF07MA14,Ensino Fundamental,07,,Matemática,14,"Classificar sequências em recursivas e não recursivas, reconhecendo que o conceito de recursão está presente não apenas na matemática, mas também nas artes e na literatura.",Álgebra,Linguagem algébrica: variável e incógnita,,,,,,,
EF07MA15,Ensino Fundamental,07,,Matemática,15,Utilizar a simbologia algébrica para expressar regularidades encontradas em sequências numéricas.,Álgebra,Linguagem algébrica: variável e incógnita,sim,AF,EF07MA13,"• Reconhecer a regra de formação de sequências numéricas.
• Utilizar variáveis para descrever a regra de formação de sequências numéricas.","CE: 2
CG: 4, 9 e 10",EF07MA14 EF07MA16,"Utilizar a simbologia algébrica para expressar regularidades encontradas em sequências numéricas envolve a capacidade do aluno de perceber e representar o padrão de uma sequência usando os símbolos artméticos e as letras que são características das escritas algébricas. Nesse caso, deverá ser capza de identificar que a escrita algébrica generaliza a regularidade percebida na sequência numérica permitindo representar qualquer elemento da sequência, quando, por exemplo, ao observar a sequência 0, 2, 4, 6, 8, 10, identificamos de um novo elemento da sequência a partir do zero é obtido multiplicando o anterior por 2, podemos escrever 2.n como a expressão da regularidade observada na sequência."
EF07MA16,Ensino Fundamental,07,,Matemática,16,Reconhecer se duas expressões algébricas obtidas para descrever a regularidade de uma mesma sequência numérica são ou não equivalentes.,Álgebra,Equivalência de expressões algébricas: identificação da regularidade de uma sequência numérica,,,,,,,
EF07MA17,Ensino Fundamental,07,,Matemática,17,"Resolver e elaborar problemas que envolvam variação de proporcionalidade direta e de proporcionalidade inversa entre duas grandezas, utilizando sentença algébrica para expressar a relação entre elas.",Álgebra,Problemas envolvendo grandezas diretamente proporcionais e grandezas inversamente proporcionais,sim,AF,"EF06MA13, EF07MA13","• Reconhecer as proporcionalidades direta e inversa na relação entre duas grandezas.
• Representar a relação de proporcionalidade entre duas grandezas por uma relação algébrica.
• Compreender a regra de três como modelo para determinar valor de grandezas proporcionais.
• (EF) Resolver problemas que envolvam relações de proporcionalidade com ou sem a aplicação da regra de três.
• Elaborar problemas que envolvam o conceito de proporcionalidade entre duas grandezas.","CE: 3, 5 e 6
CG: 2 e 4",,"Resolver e elaborar problemas que envolvam variação de proporcionalidade direta e de proporcionalidade inversa entre duas grandezas, utilizando sentença algébrica para expressar a relação entre elas implica em desenvolver o raciocínio proporcioal resolvendo e elaborando problemas nos quais uma grandeza pode variar em função de outra de maneira direta (se uma cresce a outra cresce; se uma decresce a outra decresce) ou inversa (se uma cresce e outra decresce). A habilidade traz ainda a expectativa de que os alunos aprendam a expressar as regularidades percebidas nas relações direta ou inversamente proporcionais por uma escrita algébrica. Por exemplo, em um problema como Se 6 maçãs custam R$4,50 quanto custarão 12 dessas maças? E um número qualquer dessas maçãs? Os alunos deverão ser capazes de expressar o preço do número qualquer por 4,5. x."
EF07MA18,Ensino Fundamental,07,,Matemática,18,"Resolver e elaborar problemas que possam ser representados por equações polinomiais de 1º grau, redutíveis à forma ax + b = c, fazendo uso das propriedades da igualdade.",Álgebra,Equações polinomiais do 1º grau,sim,AF,"EF06MA14
 EF07MA13","• Identificar problemas cuja estrutura permita sua resolução por uma equação de 1º grau.
• (EF) Utilizar propriedades da igualdade para resolver equações de 1º grau.
• Modelar problemas por meio de equações de 1º grau.
• Resolver problemas que possam ser modelados por equações do 1º grau.
• Elaborar problemas que possam ser resolvidos por equações do 1º grau.","CE: 3, 5 e 6
CG: 2, 4, 9 e 10",,"Resolver e elaborar problemas que possam ser representados por equações polinomiais de 1º grau, redutíveis à forma ax + b = c, fazendo uso das propriedades da igualdade implica em conhecer as propriedades da igualdade (equivalência e transitividade), identificando que a igualdade não se altera se somarmos, subtrairmos, multiplicarmos ou dividirmos ambos os lados da igualdade por um mesmo número, utilizando esses conhecimentos na resolução de equações do tipo da apresentada na habilidade. A habilidade envolve ainda a aprendizagem de como traduzir o enunciado de um problema em uma equação e criar uma estratégia para resolvê-lo. Do mesmo modo, espera-se que dada uma equação, o aluno seja capaz de criar uma situação em forma de problema que possa ser resolvido pela equação dada."
EF07MA19,Ensino Fundamental,07,,Matemática,19,"Realizar transformações de polígonos representados no plano cartesiano, decorrentes da multiplicação das coordenadas de seus vértices por um número inteiro.",Geometria,Transformações geométricas de polígonos no plano cartesiano: multiplicação das coordenadas por um número inteiro e obtenção de simétricos em relação aos eixos e à origem,,,,,,,
EF07MA20,Ensino Fundamental,07,,Matemática,20,"Reconhecer e representar, no plano cartesiano, o simétrico de figuras em relação aos eixos e à origem.",Geometria,Transformações geométricas de polígonos no plano cartesiano: multiplicação das coordenadas por um número inteiro e obtenção de simétricos em relação aos eixos e à origem,,,,,,,
EF07MA21,Ensino Fundamental,07,,Matemática,21,"Reconhecer e construir figuras obtidas por simetrias de translação, rotação e reflexão, usando instrumentos de desenho ou softwares de geometria dinâmica e vincular esse estudo a representações planas de obras de arte, elementos arquitetônicos, entre outros.",Geometria,"Simetrias de translação, rotação e reflexão",,,,,,,
EF07MA22,Ensino Fundamental,07,,Matemática,22,"Construir circunferências, utilizando compasso, reconhecê-las como lugar geométrico e utilizá-las para fazer composições artísticas e resolver problemas que envolvam objetos equidistantes.",Geometria,A circunferência como lugar geométrico,,,,,,,
EF07MA23,Ensino Fundamental,07,,Matemática,23,"Verificar relações entre os ângulos formados por retas paralelas cortadas por uma transversal, com e sem uso de softwares de geometria dinâmica.",Geometria,Relações entre os ângulos formados por retas paralelas intersectadas por uma transversal,,,,,,,
EF07MA24,Ensino Fundamental,07,,Matemática,24,"Construir triângulos, usando régua e compasso, reconhecer a condição de existência do triângulo quanto à medida dos lados e verificar que a soma das medidas dos ângulos internos de um triângulo é 180°.",Geometria,"Triângulos: construção, condição de existência e soma das medidas dos ângulos internos",sim,AF,EF06MA25,"• Investigar a condição de existência de triângulos em função das medidas de seus lados.
• Relacionar as propriedades de ângulos entre retas paralelas cortadas ou uma reta transversal a medidas dos ângulos internos de um triângulo.
• (EF) Verificar que a soma das medidas dos ângulos internos de um triângulo é 180°.","CE: 2
CG: 3, 4 e 5","EF07MA20
EF07MA22
EF07MA25
EF07MA26
EF07MA28","Construir triângulos, usando régua e compasso, reconhecer a condição de existência do triângulo quanto à medida dos lados e verificar que a soma das medidas dos ângulos internos de um triângulo é 180° implica em  deduzir experimentalmente pela construção com régua e compasso, ou outro tipo de experimento, que um triângulo só pode existir, e ser construído portanto, se a medida de qualquer  dos lados seja menor que a soma das medidas dos outros dois e maior que o valor absoluto da diferença entre essas medidas. Significa também, deduzir informalmente que em qualquer triângulo, a soma das medidas dos ângulos internos é de 180 graus. Finalmente, se espera que o aluno utilize tudo isso na resolução de problemas geométricos, incluindo a construção com régua e compasso."
EF07MA25,Ensino Fundamental,07,,Matemática,25,"Reconhecer a rigidez geométrica dos triângulos e suas aplicações, como na construção de estruturas arquitetônicas (telhados, estruturas metálicas e outras) ou nas artes plásticas.",Geometria,"Triângulos: construção, condição de existência e soma das medidas dos ângulos internos",,,,,,,
EF07MA26,Ensino Fundamental,07,,Matemática,26,"Descrever, por escrito e por meio de um fluxograma, um algoritmo para a construção de um triângulo qualquer, conhecidas as medidas dos três lados.",Geometria,"Triângulos: construção, condição de existência e soma das medidas dos ângulos internos",,,,,,,
EF07MA27,Ensino Fundamental,07,,Matemática,27,"Calcular medidas de ângulos internos de polígonos regulares, sem o uso de fórmulas, e estabelecer relações entre ângulos internos e externos de polígonos, preferencialmente vinculadas à construção de mosaicos e de ladrilhamentos.",Geometria,Polígonos regulares: quadrado e triângulo equilátero,sim,AF,"EF06MA25
EF07MA24","• Determinar a soma das medidas de ângulos internos de polígonos, tendo em vista que a soma dos ângulos internos de qualquer triangulo é 180ᵒ.
• Calcular medidas de ângulos internos de polígonos regulares.
• Investigar a soma das medidas dos ângulos externos de polígonos.
• Reconhecer a relação entre as medidas de ângulos internos de polígonos regulares e a possibilidade ou não de pavimentação do plano (em mosaicos e ladrilhamentos).","CE: 1, 2, 3 e 6
CG: 4 e 5",,"Calcular medidas de ângulos internos de polígonos regulares, sem o uso de fórmulas, e estabelecer relações entre ângulos internos e externos de polígonos, preferencialmente vinculadas à construção de mosaicos e de ladrilhamentos, envolve diferenciar ângulos internos e externos de polígonos regulares, identificando a relação entre eles (a soma de um ângulo interno com um ângulo externo é 360 graus), usando relações conhecidas das somas dos ângulos internos de um triângulo e de um quadrilátero para calcular sem fórmulas a soma dos ângulos internos de um polígono regular. O uso de uma tabela para registrar os processos de cálculo das medidas dos ângulos internos de um polígo regular, partindo do triângulo equilátero e chegando até o decágono regular, permite fazer uma dedução informal de um procedimento prático para realizar o cálculo, fazendo uma interessante relação com a ideia de generalização de padrões presente na álgebra. O uso de mosaicos e ladrilhamento permite deduzir as mesmas relações e se consititui em um contexto disparador interessnate para a exploração das aprendizagens previstas na habilidade, mas não é um conceito em si."
EF07MA28,Ensino Fundamental,07,,Matemática,28,"Descrever, por escrito e por meio de um fluxograma, um algoritmo para a construção de um polígono regular (como quadrado e triângulo equilátero), conhecida a medida de seu lado.",Geometria,Polígonos regulares: quadrado e triângulo equilátero,,,,,,,
EF07MA29,Ensino Fundamental,07,,Matemática,29,"Resolver e elaborar problemas que envolvam medidas de grandezas inseridos em contextos oriundos de situações cotidianas ou de outras áreas do conhecimento, reconhecendo que toda medida empírica é aproximada.",Grandezas e medidas,Problemas envolvendo medições,,,,,,,
EF07MA30,Ensino Fundamental,07,,Matemática,30,"Resolver e elaborar problemas de cálculo de medida do volume de blocos retangulares, envolvendo as unidades usuais (metro cúbico, decímetro cúbico e centímetro cúbico).",Grandezas e medidas,"Cálculo de volume de blocos retangulares, utilizando unidades de medida convencionais mais usuais",sim,AF,EF06MA24,"• Compreender a noção da grandeza volume.
• Conhecer as principais unidades de medida de volume.
• Calcular o volume de blocos retangulares.
• Resolver problemas que envolvam a grandeza volume em contextos reais.
• Elaborar problemas que envolvam a grandeza volume em projetos significativos que requeiram o cálculo de volumes.","CE: 1, 3 e 6
 CG: 2, 4, 9 e 10",EF07MA29,"Resolver e elaborar problemas de cálculo de medida do volume de blocos retangulares, envolvendo as unidades usuais (metro cúbico, decímetro cúbico e centímetro cúbico) implica em associar o metro cúbico com o volume de um cubo de aresta 1m, o decímetro cúbico ao volume de um cubro de aresta 10cm e o centímetro cubico com o volume de um cubo de aresta 1cm. Implica ainda em entender as relações entre esta unidades de medida, assim como entre o decímetro cúbico e o litro e o centímetro cúbico e o mililitro. Problemas envolvendo consumo e preservação de água, bem como de outras situações próximas aos alunos são contextos naturais para o desenvolimento desta habilidade."
EF07MA31,Ensino Fundamental,07,,Matemática,31,Estabelecer expressões de cálculo de área de triângulos e de quadriláteros.,Grandezas e medidas,"Equivalência de área de figuras planas: cálculo de áreas de figuras que podem ser decompostas por outras, cujas áreas podem ser facilmente determinadas como triângulos e quadriláteros",sim,AF,EF06MA24,"• Compreender a noção da grandeza área.
• Relacionar áreas de triângulos e quadriláteros à área de retângulos.
• Utilizar variáveis para expressar o cálculo de áreas de triângulos e quadriláteros em função das medidas de lados e alturas dessas figuras.","CE: 3
 CG: 4",,"Estabelecer expressões de cálculo de área de triângulos e de quadriláterossignifica aplicar os conhecimentos adquiridos em anos anteriores a respeito de composição e decomposição de figuras, bem como do cálculo de áreas de figuras já conhecidas como o retângulo, para deduzir formas de calcular medidas de áreas de outras figuras informalmente, no caso triângulos e quadriláteros, a partir das áreas conhecidas. Por exemplo, conhecendo a área do retângulo como sendo calculada por A(Retângulo)=bxh, dividir o retângulo em dois triângulos e deduzir informalmente que a área de um triângulo é equivalente à metdade da área de um retângulo sendo portanto A (triângulo) = (bxh)/2.  Ou ainda, dividir o paraleleogramo convenientemente em duas figuras e a partir delas, montar um retângulo inferindo que a área do paralelogramo é equivalente à área do retângulo e também é calculada por bxh. É importante que os estudantes saibam identificar bases, alturas nos triângulos e bases, alturas e diagonais nos quadriláteros porque esses elementos serão utilizados nas ações que levam a aprendizagem prevista na habilidade."
EF07MA32,Ensino Fundamental,07,,Matemática,32,"Resolver e elaborar problemas de cálculo de medida de área de figuras planas que podem ser decompostas por quadrados, retângulos e/ou triângulos, utilizando a equivalência entre áreas.",Grandezas e medidas,"Equivalência de área de figuras planas: cálculo de áreas de figuras que podem ser decompostas por outras, cujas áreas podem ser facilmente determinadas como triângulos e quadriláteros",sim,AF,EF06MA24 e EF07MA31,"• Reconhecer decomposições de polígonos em triângulos e/ou quadriláteros.
• Relacionar a área de polígonos às áreas de triângulos e/ou quadriláteros que os compõem.
• Resolver problemas que envolvam o cálculo de área de polígonos em contextos reais.
• Elaborar problemas que envolvam o cálculo de área de polígonos em projetos significativos que requeiram medições.","CE: 1, 2, 3 e 6
CG: 2, 4, 9 e 10",,"Resolver e elaborar problemas de cálculo de medida de área de figuras planas que podem ser decompostas por quadrados, retângulos e/ou triângulos, utilizando a equivalência entre áreas é uma aplicação das aprendizagens realizadas na habilidade anterior. Destaque para a formulação de problemas que costuma ser um indicador importante de que a aprendizagem esperada ocorreu."
EF07MA33,Ensino Fundamental,07,,Matemática,33,"Estabelecer o número como a razão entre a medida de uma circunferência e seu diâmetro, para compreender e resolver problemas, inclusive os de natureza histórica.",Grandezas e medidas,Medida do comprimento da circunferência,,,,,,,
EF07MA34,Ensino Fundamental,07,,Matemática,34,Planejar e realizar experimentos aleatórios ou simulações que envolvem cálculo de probabilidades ou estimativas por meio de frequência de ocorrências.,Probabilidade e estatística,Experimentos aleatórios: espaço amostral e estimativa de probabilidade por meio de frequência de ocorrências,sim,AF,EF06MA30,"• Compreender eventos aleatórios.
• (EF) Calcular a probabilidade de um evento e expressá-la na forma de fração, decimal e percentual.
• Diferenciar a contagem de valores absolutos da frequência em percentual de ocorrência de um evento aleatório.
• Planejar um experimento ou uma simulação para calcular ou estimar a probabilidade de um evento aleatório.
• Realizar um experimento ou uma simulação para calcular ou estimar a probabilidade de um evento aleatório.","CE: 3 e 5
CG: 4",,"Planejar e realizar experimentos aleatórios ou simulações que envolvem cálculo de probabilidades ou estimativas por meio de frequência de ocorrências pressupõe que o aluno aprenda a realizar experimentos aleatórios, organizar as informações obtidas, identificar o espaço amostral, estimar a probabilidade de um evento ocorrer, determinar a probabilidade de um evento e representá-la nas formas fracionária, decimal ou percentual establecendo relações entre elas. Faz parte desta habilidade o aluno compreender as diferenças e formas de uso das probabilidades clássica e frequentista."
EF07MA35,Ensino Fundamental,07,,Matemática,35,"Compreender, em contextos significativos, o significado de média estatística como indicador da tendência de uma pesquisa, calcular seu valor e relacioná-lo, intuitivamente, com a amplitude do conjunto de dados.",Probabilidade e estatística,Estatística: média e amplitude de um conjunto de dados,sim,AF,EF06MA32,"• Calcular a média de um conjunto de dados numéricos.
• Compreender o significado de amplitude de um conjunto de dados numéricos.
• Relacionar o valor da média à tendência dos valores de uma pesquisa estatística.
• Identificar situações em que a média corresponde ou não à tendência dos valores de uma pesquisa estatística, em função da amplitude dos dados.","CE: 1, 2, 3 e 6
CG: 4, 7 e 10",,"Compreender, em contextos significativos, o significado de média estatística como
indicador da tendência de uma pesquisa, calcular seu valor e relacioná-lo, intuitivamente, com a amplitude do conjunto de dados implica em entender que média estatística é a média aritmética calculada somando-se todos os valores de um conjunto de dados e dividindo-se pelo número de elementos deste conjunto. Envolve também saber que  a média  é uma medida de tendência central, sensível aos valores da amostra, e usada  para situações em que os dados são distribuídos mais ou menos de maneira uniforme, ou seja, valores sem grandes variações ou discrepâncias."
EF07MA36,Ensino Fundamental,07,,Matemática,36,"Planejar e realizar pesquisa envolvendo tema da realidade social, identificando a necessidade de ser censitária ou de usar amostra, e interpretar os dados para comunicá-los por meio de relatório escrito, tabelas e gráficos, com o apoio de planilhas eletrônicas.",Probabilidade e estatística,"Pesquisa amostral e pesquisa censitária Planejamento de pesquisa, coleta e organização dos dados, construção de tabelas e gráficos e interpretação das informações",sim,AF,EF06MA32,"• Selecionar um tópico referente à realidade social que possa ser tema de uma pesquisa estatística.
• Compreender o conceito de amostra de uma pesquisa estatística.
• Organizar as etapas de uma pesquisa estatística.
• Elaborar a comunicação dos resultados da pesquisa por meio de relatório, com o uso de tabelas e gráficos adequados ao conjunto de dados.
• Identificar quando e como utilizar gráficos de setores.
• Utilizar uma planilha eletrônica para a produção de gráficos.","CE: 1, 4, 5 e 6
 CG: 4, 5, 7 e 10",EF07MA37,"Planejar e realizar pesquisa envolvendo tema da realidade social, identificando a necessidade de ser censitária ou de usar amostra e interpretar os dados para comunicá-los por meio de relatório escrito, tabelas e gráficos, com o apoio de planilhas eletrônicas. Implica não apenas em participar de uma pesquisa estatística como previsto nos anos anteriores, mas agora ser capaz de individualmente ou em grupos, identificado o problema a ser investigado, aplicar os procedimentos estatísticos aprendidos em anos anteriores para realizar a pesquisa decidindo fazer a pesquisa com toda a população nela envolvida, ou com uma amostra, sabendo o que é e como selecionar uma amostra não probabilistica  em que a coleta é baseada em critérios definidos previamente, que nem todos elementos da população têm a mesma chance de ser pesquisados, mas que no final o trabalho de campo o resultado seja representativo e passível de extrapolação. Implica ainda em saber planejar e executar a coleta, a organização e a comunicação dos dados em forma de tabelas, gráficos e com a expressão das conclusões ou respostas que a pesquisa permite."
EF07MA37,Ensino Fundamental,07,,Matemática,37,Interpretar e analisar dados apresentados em gráfico de setores divulgados pela mídia e compreender quando é possível ou conveniente sua utilização.,Probabilidade e estatística,"Gráficos de setores: interpretação, pertinência e construção para representar conjunto de dados",,,,,,,
EF08CI01,Ensino Fundamental,08,,Ciências,01,"Identificar e classificar diferentes fontes (renováveis e não renováveis) e tipos de energia utilizados em residências, comunidades ou cidades.",Matéria e energia,Transformação de energia,sim,AF,,"• Identificar as fontes de energia mais utilizadas em residências, comunidades e cidades.
• Classificar fontes de energia como renováveis e não renováveis.
• Identificar as fontes de energia (renováveis e não renováveis) utilizadas em sua região.","CE: 4 e 5
CG: 2 e 10","EF08CI02, EF08CI03, EF08CI04 e EF08CI05","O tema permite que o estudante discuta o consumo consciente de energia elétrica (ODS 7). A identificação das fontes pode ser feita por meio de entrevistas ou observação dos tipos de energia utilizados na casa do estudante. Devem ser analisados os aspectos favoráveis e desfavoráveis para o melhor uso de cada fonte, segundo critérios de sustentabilidade. É importante trabalhar na perspectiva de que não existe uma solução ideal, mas que isso depende de cada região e condições socioambientais, e que o melhor é usar diversas fontes, principalmente as renováveis."
EF08CI02,Ensino Fundamental,08,,Ciências,02,"Construir circuitos elétricos com pilha/bateria, fios e lâmpada ou outros dispositivos e compará-los a circuitos elétricos residenciais.",Matéria e energia,Cálculo de consumo de energia elétrica,,,,,,,
EF08CI03,Ensino Fundamental,08,,Ciências,03,"Classificar equipamentos elétricos residenciais (chuveiro, ferro, lâmpadas, TV, rádio, geladeira etc.) de acordo com o tipo de transformação de energia (da energia elétrica para a térmica, luminosa, sonora e mecânica, por exemplo).",Matéria e energia,Uso consciente de energia elétrica,,,,,,,
EF08CI04,Ensino Fundamental,08,,Ciências,04,Calcular o consumo de eletrodomésticos a partir dos dados de potência (descritos no próprio equipamento) e tempo médio de uso para avaliar o impacto de cada equipamento no consumo doméstico mensal.,Matéria e energia,Uso consciente de energia elétrica,,,,,,,
EF08CI05,Ensino Fundamental,08,,Ciências,05,"Propor ações coletivas para otimizar o uso de energia elétrica em sua escola e/ou comunidade, com base na seleção de equipamentos segundo critérios de sustentabilidade (consumo de energia e eficiência energética) e hábitos de consumo responsável.",Matéria e energia,Uso consciente de energia elétrica,,,,,,,
EF08CI06,Ensino Fundamental,08,,Ciências,06,"Discutir e avaliar usinas de geração de energia elétrica (termelétricas, hidrelétricas, eólicas etc.), suas semelhanças e diferenças, seus impactos socioambientais, e como essa energia chega e é usada em sua cidade, comunidade, casa ou escola.",Matéria e energia,Uso consciente de energia elétrica,sim,AF,EF05CI02,"• Identificar usinas e formas de geração de energia elétrica na cidade, na comunidade, em casa ou na escola.
• Comparar semelhanças e diferenças entre diferentes usinas de geração elétrica.
• Descrever os impactos ambientais causados por diferentes usinas de geração elétrica.
• Explicar como a energia elétrica é transportada das usinas até o usuário final (casas, indústrias, escola etc.).","CE: 4, 5 e 8
CG: 4, 7 e 10","EF08CI02, EF08CI03, EF08CI04 e EF08CI05 e EF08CI07","O aluno deve identificar, compreender, analisar e debater modos de geração e distribuição de energia elétrica, além de comparar e avaliar os diferentes tipos de geração de energia de acordo com os critérios de sustentabilidade e eficiência energética. O foco da exploração deve ser nas transformações e em seus processos. Trabalhar o conceito de energia no Ensino Fundamental pode ser complexo, mas é uma forma de apresentar o estudante a conceitos fundamentais que serão explorados no Ensino Médio."
EF08CI07,Ensino Fundamental,08,,Ciências,07,Comparar diferentes processos reprodutivos em plantas e animais em relação aos mecanismos adaptativos e evolutivos.,Vida e evolução,Sexualidade,,,,,,,
EF08CI08,Ensino Fundamental,08,,Ciências,08,Analisar e explicar as transformações que ocorrem na puberdade considerando a atuação dos hormônios sexuais e do sistema nervoso.,Vida e evolução,Sexualidade,sim,AF,EF03CI05 e EF06CI07,"• Identificar as principais transformações que ocorrem no organismo durante a puberdade.
• Reconhecer o papel do sistema nervoso e dos hormônios sexuais nas transformações que ocorrem na puberdade.
• Explicar as diferentes dimensões da sexualidade humana, reconhecendo-as em diferentes situações e contextos.","CE: 5 e 7
CG: 8",EF08CI10 e EF08CI11,"Para essa habilidade, devem ser estimuladas atividades que propiciem ao aluno reconhecer e descrever a ação dos hormônios sobre o desenvolvimento e alterações de características nos humanos, como o ciclo menstrual. É necessário que ele compreenda o papel do sistema nervoso e das gônadas no organismo e suas implicações típicas na puberdade, destando também questões emocionais, sociais e culturais. O aluno deve ser incentivado a levantar informações em textos científicos, notícias ou podcasts que tratam de adolescência e de questões relacionadas à saúde específicas dessa fase de desenvolvimento."
EF08CI09,Ensino Fundamental,08,,Ciências,09,Comparar o modo de ação e a eficácia dos diversos métodos contraceptivos e justificar a necessidade de compartilhar a responsabilidade na escolha e na utilização do método mais adequado à prevenção da gravidez precoce e indesejada e de Doenças Sexualmente Transmissíveis (DST).,Vida e evolução,Sexualidade,sim,AF,EF08CI08,"• Explicar a ação dos diferentes métodos contraceptivos na prevenção à gravidez na adolescência e às Infecções Sexualmente Transmissíveis (IST).
• Valorizar o uso de métodos contraceptivos para a prevenção da gravidez precoce e das IST.
• Comparar diferentes métodos contraceptivos.","CE: 5 e 7
CG: 8",EF08CI10 e EF08CI11,"Oferece contexto para desenvolver os ODS 3 e 5, sobre saúde e igualdade de gênero. Os alunos devem diferenciar os métodos contraceptivos, e classificá-los de acordo com sua adequação à prevenção de Infecções Sexualmente Transmissíveis (ISTs) e gravidez. Além disto, compreender o ciclo menstrual e o amadurecimento sexual, incluindo a gravidez. É importante oportunizar diálogos em debates sobre comportamentos e hábitos que podem ser orientados a uma perspectiva preventiva. A BNCC traz o termo DSTs, mas é mais recomendado utilizar ISTs."
EF08CI10,Ensino Fundamental,08,,Ciências,10,"Identificar os principais sintomas, modos de transmissão e tratamento de algumas DST (com ênfase na AIDS), e discutir estratégias e métodos de prevenção.",Vida e evolução,Sexualidade,,,,,,,
EF08CI11,Ensino Fundamental,08,,Ciências,11,"Selecionar argumentos que evidenciem as múltiplas dimensões da sexualidade humana (biológica, sociocultural, afetiva e ética).",Vida e evolução,Sexualidade,,,,,,,
EF08CI12,Ensino Fundamental,08,,Ciências,12,"Justificar, por meio da construção de modelos e da observação da Lua no céu, a ocorrência das fases da Lua e dos eclipses, com base nas posições relativas entre Sol, Terra e Lua.",Terra e Universo,Clima,sim,AF,"EF02CI07, EF03CI08, EF04CI09 e EF04CI11","• Observar e reconhecer as mudanças de fase da Lua ao longo de um mês.
• Explicar as mudanças de fase da Lua com base na iluminação do Sol e do movimento da Lua em torno da Terra e esquematizar o modelo em um diagrama.
• Explicar e esquematizar os fenômenos dos eclipses solares e lunares.","CE: 2 e 3
CG: 2 e 7",,"Nesta habilidade, a observação pode ser estimulada com aplicativos digitais ou imagens. É importante que os estudantes caracterizem e expliquem os aspectos observáveis da Lua (cheia, minguante e nova), de modo a relacionar e descrever sua ocorrência com base no modelo Sol, Terra e Lua. Construir diagramas e modelos físicos ou digitais pode facilitar a exemplificação dos eclipses solares e lunares e das alterações nas características observáveis da Lua em suas diferentes fases."
EF08CI13,Ensino Fundamental,08,,Ciências,13,"Representar os movimentos de rotação e translação da Terra e analisar o papel da inclinação do eixo de rotação da Terra em relação à sua órbita na ocorrência das estações do ano, com a utilização de modelos tridimensionais.",Terra e Universo,Clima,sim,AF,EF06CI14,"• Construir modelos tridimensionais para representar o movimento da Terra em torno de si mesma (rotação) e o seu movimento em torno do Sol (translação).
• Representar os dois movimentos da Terra em desenhos bidimensionais.
• Relacionar o fato de regiões diferentes do globo serem iluminadas de maneira distintas à inclinação do eixo de rotação da Terra.
• Relacionar a orientação praticamente constante do eixo de rotação da Terra durante o movimento de translação à ocorrência das estações do ano.","CE: 2, 3 e 6
CG: 2",EF08CI14,"É fundamental para o aluno compreender, descrever e ilustrar os movimentos de rotação e translação, destacando a posição do eixo da Terra. Espera-se que o estudante relacione o movimento orbital do planeta e a exposição aos raios solares com as quatro estações. Deve-se explicitar habilidades relativas à realização de modelos ilustrados ou tridimensionais, que podem ajudar a compreender os fenômenos abordados, incluindo a ocorrência de dias mais longos e mais curtos, ou explicar a influência deles no cotidiano do estudante, como as diferentes temperaturas no inverno e no verão."
EF08CI14,Ensino Fundamental,08,,Ciências,14,Relacionar climas regionais aos padrões de circulação atmosférica e oceânica e ao aquecimento desigual causado pela forma e pelos movimentos da Terra.,Terra e Universo,Clima,,,,,,,
EF08CI15,Ensino Fundamental,08,,Ciências,15,Identificar as principais variáveis envolvidas na previsão do tempo e simular situações nas quais elas possam ser medidas.,Terra e Universo,Clima,sim,AF,EF08CI14,"• Diferenciar tempo e clima.
• Analisar o funcionamento de estações meteorológicas na escola, na comunidade ou na cidade.
• Analisar informações sobre o clima em gráficos e tabelas.
• Explicar como as regiões climáticas são determinadas pela circulação atmosférica e oceânica, aquecimento desigual causado pela forma e pelos movimentos da Terra, além das características do relevo e da vegetação.","CE: 3, 6 e 8
CG: 2, 7 e 10",EF08CI16,"Identificar, nesta habilidade, envolve reconhecer e selecionar, a partir da análise de dados, as variáveis que interferem na previsão do tempo e simular situações em que essas variáveis possam ser medidas. Pode-se propor uma investigação do clima local, utilizando informações como temperatura diária, umidade, pressão e os ventos, em vários períodos, que podem ser analisadas para a construção de modelos para a previsão do tempo."
EF08CI16,Ensino Fundamental,08,,Ciências,16,Discutir iniciativas que contribuam para restabelecer o equilíbrio ambiental a partir da identificação de alterações climáticas regionais e globais provocadas pela intervenção humana.,Terra e Universo,Clima,,,,,,,
EF08ER01,Ensino Fundamental,08,,Ensino Religioso,01,Discutir como as crenças e convicções podem influenciar escolhas e atitudes pessoais e coletivas.,Crenças religiosas e filosofias de vida,"Crenças, convicções e atitudes",,,,,,,
EF08ER02,Ensino Fundamental,08,,Ensino Religioso,02,"Analisar filosofias de vida, manifestações e tradições religiosas destacando seus princípios éticos.",Crenças religiosas e filosofias de vida,"Crenças, convicções e atitudes",,,,,,,
EF08ER03,Ensino Fundamental,08,,Ensino Religioso,03,"Analisar doutrinas das diferentes tradições religiosas e suas concepções de mundo, vida e morte.",Crenças religiosas e filosofias de vida,Doutrinas religiosas,,,,,,,
EF08ER04,Ensino Fundamental,08,,Ensino Religioso,04,"Discutir como filosofias de vida, tradições e instituições religiosas podem influenciar diferentes campos da esfera pública (política, saúde, educação, economia).",Crenças religiosas e filosofias de vida,"Crenças, filosofias de vida e esfera pública",,,,,,,
EF08ER05,Ensino Fundamental,08,,Ensino Religioso,05,Debater sobre as possibilidades e os limites da interferência das tradições religiosas na esfera pública.,Crenças religiosas e filosofias de vida,"Crenças, filosofias de vida e esfera pública",,,,,,,
EF08ER06,Ensino Fundamental,08,,Ensino Religioso,06,"Analisar práticas, projetos e políticas públicas que contribuem para a promoção da liberdade de pensamento, crenças e convicções.",Crenças religiosas e filosofias de vida,"Crenças, filosofias de vida e esfera pública",,,,,,,
EF08ER07,Ensino Fundamental,08,,Ensino Religioso,07,Analisar as formas de uso das mídias e tecnologias pelas diferentes denominações religiosas.,Crenças religiosas e filosofias de vida,"Tradições religiosas, mídias e tecnologias",,,,,,,
EF08GE01,Ensino Fundamental,08,,Geografia,01,"Descrever as rotas de dispersão da população humana pelo planeta e os principais fluxos migratórios em diferentes períodos da história, discutindo os fatores históricos e condicionantes físico-naturais associados à distribuição da população humana pelos continentes.",O sujeito e seu lugar no mundo,Distribuição da população mundial e deslocamentos populacionais,,,,,,,
EF08GE02,Ensino Fundamental,08,,Geografia,02,"Relacionar fatos e situações representativas da história das famílias do Município em que se localiza a escola, considerando a diversidade e os fluxos migratórios da população mundial.",O sujeito e seu lugar no mundo,Diversidade e dinâmica da população mundial e local,,,,,,,
EF08GE03,Ensino Fundamental,08,,Geografia,03,"Analisar aspectos representativos da dinâmica demográfica, considerando características da população (perfil etário, crescimento vegetativo e mobilidade espacial).",O sujeito e seu lugar no mundo,Diversidade e dinâmica da população mundial e local,,,,,,,
EF08GE04,Ensino Fundamental,08,,Geografia,04,"Compreender os fluxos de migração na América Latina (movimentos voluntários e forçados, assim como fatores e áreas de expulsão e atração) e as principais políticas migratórias da região.",O sujeito e seu lugar no mundo,Diversidade e dinâmica da população mundial e local,,,,,,,
EF08GE05,Ensino Fundamental,08,,Geografia,05,"Aplicar os conceitos de Estado, nação, território, governo e país para o entendimento de conflitos e tensões na contemporaneidade, com destaque para as situações geopolíticas na América e na África e suas múltiplas regionalizações a partir do pós-guerra.",Conexões e escalas,Corporações e organismos internacionais e do Brasil na ordem econômica mundial,sim,AF,EF07GE02,"• Diferenciar conceitos de Estado, nação, território, país e governo, reconhecendo que o Estado-nação é a principal forma de organização política do mundo contemporâneo.
• Reconhecer que existem várias formas de regionalização do espaço que podem ser realizadas baseando-se em distintos critérios.
• Analisar diferentes formas de regionalização do continente americano e do continente africano, relacionando com os principais conflitos e tensões recentes ocorridos nesses continentes.","CG: 1 e 2
CE: 1, 2, 3 e 5
CA: 1, 2 e 7","AC:
- EF08GE11: pode ser desenvolvida junto à AF.
AF:
- EF08HI06: amplia o conhecimento da AF.
- EF08HI23: amplia o conhecimento da AF.","Para a realização de análises geopolíticas (que permeia os currículos de Geografia a partir do 8º ano), é importante que se desenvolvam os conceitos-chave de: Estado, nação, território, país e governo, para que o estudante identifique o que é Estado-Nação.Como existem  diferentes maneiras de se regionalizar, importa que o estudante reconheça que cada regionalização opera com critérios diferenciados (tema que será aprofundado no 9oano).  Por exemplo, a América Anglo-saxônica e a Latina se diferenciam por questões linguísticas, culturais e econômicas. Já os países da América Central insular e continental e da América do Sul andina, América do Sul platina, Brasil e Guianas se diferenciam em relação às suas características  físicas, históricas e socioeconômicas, assim como a África Setentrional e Subsaariana. Já em relação aos conflitos da América e da África, pode-se propor atividades e também selecionar exemplos de estudos de casos de países em que rivalidades étnicas tenham sido resultado da unificação forçada ou intervenções por potências europeias no período neocolonial, repercutindo em extensas e violentas guerras civis. Sugere-se, entretanto, que esta questão dos conflitos não seja trabalhada logo no início no ano letivo.
Essa habilidade pode ser trabalhada em conjunto com o componente História, ao se desenvolver atividades relacionadas ao desvelamento do conceito de Estado-nação (EF08HI06). Este tema também se relaciona com a habilidade que trata das estratégias de controle utilizadas por potências europeias, sobretudo nos continentes africano e asiático (EF08HI23)."
EF08GE06,Ensino Fundamental,08,,Geografia,06,"Analisar a atuação das organizações mundiais nos processos de integração cultural e econômica nos contextos americano e africano, reconhecendo, em seus lugares de vivência, marcas desses processos.",Conexões e escalas,Corporações e organismos internacionais e do Brasil na ordem econômica mundial,sim,AF,EF08GE08,"• Indicar as razões de o fim da Segunda Guerra ser um marco no surgimento de organizações internacionais multilaterais.
• Reconhecer a importância da ONU nas relações diplomáticas internacionais, identificando seus principais objetivos, formas de ação e desafios para a promoção da paz.
• Reconhecer formas de atuação de organizações internacionais de natureza distintas, como financeiras, econômicas, militares, ambientais, entre outras.
• Diferenciar blocos de fóruns econômicos, identificando objetivos e  desafios de alguns que atuam na América e África.","CG: 1, 2 e 7
CE: 3 e 5
CA: 2, 6 e 7","AC:
- EF08GE11: pode ser desenvolvida junto à AF.
- EF08GE12: pode ser desenvolvida junto à AF.
- EF08GE22: amplia o conhecimento da AF.
AF:
- EF08GE18: pode ser desenvolvida junto à AF.","Essa habilidade  permite avaliar criticamente  diferentes organizações internacionais. O contexto do fim da Segunda Guerra foi decisivo para a criação de organizações internacionais multilaterais de diferentes tipos, diante da grande devastação das maiores potências econômicas até então. Nesse sentido, interessa propor ao estudante a análise da mais importante organização multilateral do mundo: a ONU. Importa que reconheça que as ações diplomáticas promovidas pelos seus fóruns visam evitar o aumento de tensões no mundo, propondo negociações formais entre países e grupos. No entanto, tais ações, diante da desigual representatividade e o poder de veto de alguns países  no Conselho de Segurança, não repercutem em medidas efetivas em muitos conflitos. Pode-se também encaminhar análises específicas sobre organismos financeiros (como  FMI e Banco Mundial) , em que o estudante identifique que os países desenvolvidos são os maiores cotistas desses tipos de organização e que suas políticas de empréstimos estão condicionadas aos seus interesses. Já com relação a temática dos blocos econômicos, interessa reconhecer que seu aumento  nas últimas décadas está relacionado a uma estratégia de fortalecer as economias dos países-membros no mundo globalizado, podendo-se enfocar exemplos da América e África como Mercosul, USMCA (ex-NAFTA), Comunidade Andina e SADC.  Importa propor atividades em que o aluno distinga os Blocos Econômicos dos Fóruns Econômicos (como G7, G20 e BRICS), visto que não são associações de comércio formais. Ainda para trabalhar a habilidade, pode-se solicitar uma investigação detalhada sobre a existência de projetos promovidos por organizações internacionais no lugar de vivência do estudante. Essa habilidade permite aproximação com o ODS 16."
EF08GE07,Ensino Fundamental,08,,Geografia,07,"Analisar os impactos geoeconômicos, geoestratégicos e geopolíticos da ascensão dos Estados Unidos da América no cenário internacional em sua posição de liderança global e na relação com a China e o Brasil.",Conexões e escalas,Corporações e organismos internacionais e do Brasil na ordem econômica mundial,,,,,,,
EF08GE08,Ensino Fundamental,08,,Geografia,08,"Analisar a situação do Brasil e de outros países da América Latina e da África, assim como da potência estadunidense na ordem mundial do pós-guerra.",Conexões e escalas,Corporações e organismos internacionais e do Brasil na ordem econômica mundial,sim,AF,EF08GE05,"• Identificar razões dos EUA ascender como superpotência capitalista no pós-Guerra.
• Explicar as principais características do período Guerra Fria, analisando suas marcas na geopolítica contemporânea.
• Distinguir as principais bases dos sistemas capitalista e socialista nos âmbitos econômicos, sociais e políticos.
• Explicar os motivos do desmembramento da URSS, analisando como o fim da ordem bipolar impactou  países da América Latina e na África.
• Analisar a influência geopolítica e econômica dos Estados Unidos no cenário internacional atual e sua relação diplomática recente com a China e o Brasil.","CG: 1 e 2
CE: 2, 4 e 7
CA: 2, 4 e 7","AC:
- EF08GE07: pode ser desenvolvida junto à AF.","O desenvolvimento dessa habilidade é relevante para a análise da geopolítica mundial, visto que muitas tensões e conflitos do mundo atual são desdobramentos de situações ocorridas no pós-Segunda Guerra, durante o período da Guerra Fria. Vale retomar com os estudantes que os EUA, apesar de terem se aliado à potência soviética na Segunda Guerra, ao término dessa, encerraram a sua parceria político-militar com a URSS, anunciando-se um mundo bipolar. São muitos os eventos associados a esse período da Guerra Fria mas importa selecionar alguns que levem os estudantes a desenvolver análises sobre as formas de expansão e defesa dos domínios do mundo capitalista e socialista (diferenciando esses sistemas) por parte dessas duas superpotências. No âmbito de uma análise global, importa propor atividades em que o estudante reconheça que após a dissolução da URSS, o mundo passou a contar com uma única superpotência, os EUA. e algumas potências regionais, que lideram as decisões das regiões onde se encontram. Interessa desenvolver a  temática dos impactos do fim da Guerra Fria nos países latino-americanos e africanos,  favorececendo uma dependência maior desses países com investimentos estadunidenses (e europeus também, no caso da África), algo que vem se redefinindo nos últimos anos pelo protagonismo comercial e financeiro da China no cenário atual mundial (país que se destaca nas exportações e importações, além dos investimentos globais). Pode-se apresentar atividades de análise de ações pretéritas e atuais de controle econômico, político, cultural e ideológico da potência estadunidense em relação aos outros países do continente americano e atividades que explorem as relações comerciais entre EUA e China (sobretudo, pós-pandemia da Covid-19), analisando a interlocução política e econômica brasileira com esses países."
EF08GE09,Ensino Fundamental,08,,Geografia,09,"Analisar os padrões econômicos mundiais de produção, distribuição e intercâmbio dos produtos agrícolas e industrializados, tendo como referência os Estados Unidos da América e os países denominados de Brics (Brasil, Rússia, Índia, China e África do Sul).",Conexões e escalas,Corporações e organismos internacionais e do Brasil na ordem econômica mundial,,,,,,,
EF08GE10,Ensino Fundamental,08,,Geografia,10,"Distinguir e analisar conflitos e ações dos movimentos sociais brasileiros, no campo e na cidade, comparando com outros movimentos sociais existentes nos países latino-americanos.",Conexões e escalas,Corporações e organismos internacionais e do Brasil na ordem econômica mundial,,,,,,,
EF08GE11,Ensino Fundamental,08,,Geografia,11,Analisar áreas de conflito e tensões nas regiões de fronteira do continente latino-americano e o papel de organismos internacionais e regionais de cooperação nesses cenários.,Conexões e escalas,Corporações e organismos internacionais e do Brasil na ordem econômica mundial,,,,,,,
EF08GE12,Ensino Fundamental,08,,Geografia,12,"Compreender os objetivos e analisar a importância dos organismos de integração do território americano (Mercosul, OEA, OEI, Nafta, Unasul, Alba, Comunidade Andina, Aladi, entre outros).",Conexões e escalas,Corporações e organismos internacionais e do Brasil na ordem econômica mundial,,,,,,,
EF08GE13,Ensino Fundamental,08,,Geografia,13,Analisar a influência do desenvolvimento científico e tecnológico na caracterização dos tipos de trabalho e na economia dos espaços urbanos e rurais da América e da África.,Mundo do trabalho,Os diferentes contextos e os meios técnico e tecnológico na produção,sim,AF,EF07GE06,"• Avaliar razões do baixo desenvolvimento econômico da maioria dos países latino-americanos e africanos.
• Identificar atividades econômicas de destaque desenvolvidas em países africanos  e latino-americanos e a inserção da tecnologia nas atividades de trabalho nestes países.","CG: 1 e 2
CE: 1, 2 e 3
CA: 2 e 7","AC:
- EF08GE09: amplia o conhecimento da AF.
- EF08GE24: pode ser desenvolvida junto à AF.
AF:
- EF08GE18: pode ser desenvolvida junto à AF.
- EF08GE19: pode ser desenvolvida junto à AF.
- EF08HI01: amplia o conhecimento da AF.","O desenvolvimento dessa habilidade permite analisar desigualdades no processo de desenvolvimento econômico dos países dos continentes americano e africano. Vale propor atividades nas quais o estudante possa reconhecer que grande parte dos países da América e África tiveram, por muito tempo, suas economias atreladas aos interesses de seus colonizadores, centrados em uma base econômica agroexportadora (diferentemente de países como EUA e Canadá que tiveram grande investimento no seu parque industrial) e, hoje, possuem uma economia pouco diversificada, favorecendo sua dependência externa. Importante desenvolver atividades a partir das quais o estudante identifique  que como estes países não possuem um parque industrial desenvolvido, dependem da importação de produtos industrializados das grandes potências. Com isso, precisam exportar grandes quantidades de recursos naturais (que têm baixo valor agregado), determinando uma troca comercial desigual. Além disso, possuem alto endividamento externo, o que impede, ainda mais, seu crescimento econômico. Também é possível destacar atividades econômicas desenvolvidas em alguns países africanos (como África do Sul, Egito, Marrocos, Tunísia e Nigéria), assim como de  países latino-americanos (como Venezuela, Chile, Argentina e México).
Ao analisar a questão do desenvolvimento técnico e científico de alguns países, é possível uma articulação com o componente História que aborda, na habilidade EF08HI01, o tema das revoluções industriais, desenvolvendo a relação entre técnica, ciência e produção."
EF08GE14,Ensino Fundamental,08,,Geografia,14,"Analisar os processos de desconcentração, descentralização e recentralização das atividades econômicas a partir do capital estadunidense e chinês em diferentes regiões no mundo, com destaque para o Brasil.",Mundo do trabalho,Os diferentes contextos e os meios técnico e tecnológico na produção,,,,,,,
EF08GE15,Ensino Fundamental,08,,Geografia,15,"Analisar a importância dos principais recursos hídricos da America Latina (Aquífero Guarani, Bacias do rio da Prata, do Amazonas e do Orinoco, sistemas de nuvens na Amazônia e nos Andes, entre outros) e discutir os desafios relacionados à gestão e comercialização da água.",Mundo do trabalho,Transformações do espaço na sociedade urbano-industrial na América Latina,,,,,,,
EF08GE16,Ensino Fundamental,08,,Geografia,16,"Analisar as principais problemáticas comuns às grandes cidades latino-americanas, particularmente aquelas relacionadas à distribuição, estrutura e dinâmica da população e às condições de vida e trabalho.",Mundo do trabalho,Transformações do espaço na sociedade urbano-industrial na América Latina,,,,,,,
EF08GE17,Ensino Fundamental,08,,Geografia,17,"Analisar a segregação socioespacial em ambientes urbanos da América Latina, com atenção especial ao estudo de favelas, alagados e zona de riscos.",Mundo do trabalho,Transformações do espaço na sociedade urbano-industrial na América Latina,,,,,,,
EF08GE18,Ensino Fundamental,08,,Geografia,18,"Elaborar mapas ou outras formas de representação cartográfica para analisar as redes e as dinâmicas urbanas e rurais, ordenamento territorial, contextos culturais, modo de vida e usos e ocupação de solos da África e América.",Formas de representação e pensamento espacial,"Cartografia: anamorfose, croquis e mapas temáticos da América e África",sim,AF/AC,EF07GE09 e EF07GE10,"• Interpretar e/ou elaborar mapas de diferentes regionalizações dos continentes africano e americano.
• Interpretar e/ou elaborar mapas e outras formas de representação cartográfica da América e da África relacionados às características naturais (relevo, clima, hidrografia, vegetação) dos continentes africano, americano e da Antártica.
• Interpretar e/ou elaborar mapas e outras formas de representação cartográfica sobre fluxos migratórios e demais dados demográficos.
• Interpretar e/ou elaborar mapas de países americanos e africanos relacionados à características socioeconômicas como uso e a ocupação do solo, a urbanização, zonas industriais e a produção agropecuária.","CG: 1 e 4
CE: 3 e 5
CA: 2 e 7","AF:
- EF08GE05: pode ser desenvolvida junto à AF.
- EF08GE13: pode ser desenvolvida junto à AF.
- EF08GE20: pode ser desenvolvida junto à AF.
- EF08GE23: pode ser desenvolvida junto à AF.","O desenvolvimento dessa habilidade relacionada à alfabetização cartográfica deve ser realizado juntamente com as habilidades relativas à alfabetização geográfica, visto que a cartografia é um recurso muito importante para as análises espaciais e o desenvolvimento do raciocínio geográfico. Tal habilidade segue voltada para o desenvolvimneto do trabalho de leitura e a interpretação de mapas e outras formas de representação cartográfica, a fim de analisar fenômenos fisicos, urbanos e sociais, além do uso e da ocupação do solo na África, América e Antártica."
EF08GE19,Ensino Fundamental,08,,Geografia,19,"Interpretar cartogramas, mapas esquemáticos (croquis) e anamorfoses geográficas com informações geográficas acerca da África e América.",Formas de representação e pensamento espacial,"Cartografia: anamorfose, croquis e mapas temáticos da América e África",sim,AF/AC,EF07GE09 e EF07GE10,"• Interpretar cartogramas e anamorfoses sobre fluxos migratórios e demais dados demográficos e socioeconômicos como PIB e IDH.
• Interpretar diferentes cartogramas e anamorfoses da América e da África relacionados à características socioeconômicas como uso e a ocupação do solo, a urbanização, zonas industriais e a produção agropecuária.","CG: 1, 4 e 5
CE: 3 e 5
CA: 2 e 7","AF:
- EF08GE13: pode ser desenvolvida junto à AF.
- EF08GE20: pode ser desenvolvida junto à AF.","O desenvolvimento dessa habilidade segue voltado para a leitura e a interpretação de cartogramas relacionados à África e América, enfocando suas características socioeconômicas, uso de solo, urbanização, zonas industriais, além dos fluxos populacionais."
EF08GE20,Ensino Fundamental,08,,Geografia,20,"Analisar características de países e grupos de países da América e da África no que se refere aos aspectos populacionais, urbanos, políticos e econômicos, e discutir as desigualdades sociais e econômicas e as pressões sobre a natureza e suas riquezas (sua apropriação e valoração na produção e circulação), o que resulta na espoliação desses povos.","Natureza, ambientes e qualidade de vida","Identidades e interculturalidades regionais: Estados Unidos da América, América espanhola e portuguesa e África",sim,AF,"EF07GE02, EF07GE04, EF07GE06 e EF08GE23","• Analisar dados demográficos e socioeconômicos de países da América e da África.
• Relacionar os baixos indicadores socioeconômicos dos países da América Latina e da África com as formas de exploração e uso intensivo dos recursos naturais nesses continentes.
• Identificar as principais razões que impulsionam fluxos migratórios voluntários e forçados no continente americano e africano.
• Identificar razões que levaram ao desenvolvimento de grandes cidades na América Latina, analisando os problemas  e formas de segregação comuns que seus habitantes enfrentam.","CG: 1, 2 e 7
CE: 1, 3 e 5
CA: 1, 2, 4 e 7","AC:
- EF08GE03: amplia o conhecimento da AF.
- EF08GE04: pode ser desenvolvida junto à AF.
- EF08GE10: amplia o conhecimento da AF.
- EF08GE16: pode ser desenvolvida junto à AF.
- EF08GE17: amplia o conhecimento da AF.
AF:
- EF08GE18: pode ser desenvolvida junto à AF.
- EF08GE19: pode ser desenvolvida junto à AF.","O desenvolvimento dessa habilidade requer o intercruzamento de informações de naturezas distintas para se avaliar os continentes analisados. Para o levantamento de características socioeconômicas, sugere-se que se realizem a comparação de indicadores socioeconômicos como o PIB e o IDH. Vale propor atividades a partir das quais o estudante reconheça que um país com índice elevado de PIB não corresponde necessariamente a um país que tenha um desenvolvimento social satisfatório e que os baixos IDHs dos países africanos e latino-americanos, assim como a inserção desses países na Divisão Internacional do Trabalho, refletem em uma maior pressão sobre seus recursos naturais. Os baixos indicadores socioeconômicos também impactam e ampliam os fluxos migratórios que devem ser analisados. Apesar de muitos migrantes se direcionarem para países desenvolvidos em busca de oportunidades de trabalho e  melhores condições de vida, os principais destinos são  países em desenvolvimento, pois muitos países desenvolvidos impedem a entrada de migrantes (situação agravada na pandemia do Covid-19).  Em relação às temáricas sobre migrações forçadas, pode-se propor atividades que adentrem nos desafios enfrentados por refugiados latino-americanos e africanos, que se deslocam fugindo de guerras, conflitos, perseguições (políticas, étnicas, culturais, religiosas) ou desastres ambientais, e enfrentam nos locais de destino situações como a incerteza,  o isolamento e o preconceito. Por fim, pode-se analisar fenômeno da urbanização acelerada e concentrada na América Latina, que foi acompanhada de um impressionante fluxo migratório campo-cidade. Hoje apresenta-se marcada por metrópoles que enfrentam diversos desafios no âmbito de infraestrutura, habitação, saneamento, entre outros, e apresentam paisagens marcadas pela segregação socioespacial e diversos impactos ambientais. Essa habilidade permite abordar o ODS 10."
EF08GE21,Ensino Fundamental,08,,Geografia,21,"Analisar o papel ambiental e territorial da Antártica no contexto geopolítico, sua relevância para os países da América do Sul e seu valor como área destinada à pesquisa e à compreensão do ambiente global.","Natureza, ambientes e qualidade de vida","Identidades e interculturalidades regionais: Estados Unidos da América, América espanhola e portuguesa e África",sim,AF,,"• Identificar as principais premissas dos tratados internacionais que definiram e dividiram o controle da Antártica.
• Analisar os interesses geopolíticos de inúmeros Estados-nações no continente.
• Reconhecer a importância das pesquisas científicas e da  preservação ambiental da Antártica.","CG: 1 , 2 e 7
CE: 1, 3, 6 e 7
CA: 3 e 7","AF:
- EF08GE18: pode ser desenvolvida junto à AF.","O desenvolvimento dessa habilidade permite enfocar questões específicas do continente Antártica que possui um papel muito relevante no balanço de energia do planeta, pois controla a circulação atmosférica nas regiões de latitudes altas e médias do Hemisfério Sul. O continente é uma área cobiçada por diversos países por conter água potável (suas geleiras correspondem a cerca de 70% de todas as reservas da Terra), minérios e estoque de alimentos (Krill) e vem sendo uma das localidades mais afetadas pelo aquecimento global. Importante propor atividades nas quais o estudante identifique e proponha ações em favor da  manutenção da vida de diversas espécies que lá habitam, assim como do nível dos oceanos, além da valorização e estímulo às pesquisas científicas. Essa habilidade permite abordar o ODS 13."
EF08GE22,Ensino Fundamental,08,,Geografia,22,"Identificar os principais recursos naturais dos países da América Latina, analisando seu uso para a produção de matéria-prima e energia e sua relevância para a cooperação entre os países do Mercosul.","Natureza, ambientes e qualidade de vida",Diversidade ambiental e as transformações nas paisagens na América Latina,,,,,,,
EF08GE23,Ensino Fundamental,08,,Geografia,23,"Identificar paisagens da América Latina e associá-las, por meio da cartografia, aos diferentes povos da região, com base em aspectos da geomorfologia, da biogeografia e da climatologia.","Natureza, ambientes e qualidade de vida",Diversidade ambiental e as transformações nas paisagens na América Latina,sim,AF,EF07GE11,"• Indicar as principais formas de relevo, rios, aquíferos, tipos de clima e formações vegetais  da América e África.
• Relacionar diferentes paisagens naturais com os modos de viver de diversos povos da América Latina.","CG: 1 e 2
CE: 1, 3, 6 e 7
CA: 3 e 7","AC:
- EF08GE15: amplia o conhecimento da AF.
AF:
- EF08GE18: pode ser desenvolvida junto à AF.","Essa habilidade permite desenvolver temas e conteúdos relativos à Geografia Física. Sugere-se um trabalho com o estudante que valorize uma análise inter-relacional dos elementos naturais (com o auxílo da interpretação e elaboração de representações cartográficas), avaliando transformações ocorridas na paisagem a partir da ocupação territorial, da produção, do uso da terra e de diferentes modos de vida dos diversos grupos humanos nos continentes americano e africano. No seu desenvolvimento, vale incluir atividades relacionadas à identificação das principais bacias hidrográficas e aquíferos da América Latina e África, nas quais o estudante analise suas principais formas de exploração, desafios para a conservação e importância geopolítica e econômica. Apesar de ser um recurso natural abundante no continente africano e americano, milhões de pessoas não têm acesso à água potável. Com isso, a escassez hídrica impulsiona inúmeros conflitos e severas crises sanitárias e humanitárias. Essa habilidade permite aproximação com o ODS 15."
EF08GE24,Ensino Fundamental,08,,Geografia,24,"Analisar as principais características produtivas dos países latino-americanos (como exploração mineral na Venezuela; agricultura de alta especialização e exploração mineira no Chile; circuito da carne nos pampas argentinos e no Brasil; circuito da cana-de-açúcar em Cuba; polígono industrial do sudeste brasileiro e plantações de soja no centro-oeste; maquiladoras mexicanas, entre outros).","Natureza, ambientes e qualidade de vida",Diversidade ambiental e as transformações nas paisagens na América Latina,,,,,,,
EF08HI01,Ensino Fundamental,08,,História,01,Identificar os principais aspectos conceituais do iluminismo e do liberalismo e discutir a relação entre eles e a organização do mundo contemporâneo.,O mundo contemporâneo: o Antigo Regime em crise,A questão do iluminismo e da ilustração,sim,AF/AC,EF07HI17,"• Analisar os princípios do liberalismo econômico.
• Analisar os impactos da Revolução Industrial na produção e circulação de povos, produtos e culturas.","CG: 1 e 2
CA: 2 e 5
CE: 2 e 6","AC:
- EF08HI03: pode ser desenvolvida junto à AF.
AF:
- EF08GE13: amplia o conhecimento da AF.","É possível propor um trabalho com o componente Geografia (EF08GE13) que explore as características das novas formas produtivas e tecnológicas resultantes da Revolução Industrial na Inglaterra no século XVIII. O estudante, a partir de grupos colaborativos ou por projetos, poderá analisar registros iconográficos e audiovisuais, buscando reconhecer os regimes e as condições de trabalho adotados e impostos na primeira e/ou segunda fase industrial, permitindo estabelecer comparações com alguns trabalhos atuais, século XXI, sobretudo em países da América e da África, onde existem unidades fabris que expõem trabalhadores a regimes e condições de trabalho similares ao contexto histórico da Revolução Industrial, ou seja, em condições insalubres e com poucos direitos trabalhistas assegurados.
Essa habilidade (EF08GE13) também possibilita escancarar que o processo de mecanização da produção não ficou apenas restrito às indústrias dos espaços urbanos, mas ganhou relevância também nos espaços rurais. Assim, pode-se explorar atividades que evidenciem a intensa mecanização de atividades relacionadas ao setor primário, de modo que o estudante reflita sobre os impactos socioambientais e em outros setores produtivos."
EF08HI02,Ensino Fundamental,08,,História,02,Identificar as particularidades político-sociais da Inglaterra do século XVII e analisar os desdobramentos posteriores à Revolução Gloriosa.,O mundo contemporâneo: o Antigo Regime em crise,As revoluções inglesas e os princípios do liberalismo,,,,,,,
EF08HI03,Ensino Fundamental,08,,História,03,"Analisar os impactos da Revolução Industrial na produção e circulação de povos, produtos e culturas.",O mundo contemporâneo: o Antigo Regime em crise,"Revolução Industrial e seus impactos na produção e circulação de povos, produtos e culturas",,,,,,,
EF08HI04,Ensino Fundamental,08,,História,04,Identificar e relacionar os processos da Revolução Francesa e seus desdobramentos na Europa e no mundo.,O mundo contemporâneo: o Antigo Regime em crise,Revolução Francesa e seus desdobramentos,sim,AF,EF08HI01,"• Identificar os principais aspectos conceituais do Iluminismo e do liberalismo e discutir a relação entre eles e a organização do mundo contemporâneo.
• Identificar os desdobramentos da Revolução Francesa e avaliar suas implicações na Europa e no mundo.
• Explicar os movimentos e as rebeliões da América portuguesa, articulando as temáticas locais e suas interfaces com processos ocorridos na Europa e nas Américas.
• Analisar o processo de independência em diferentes países americanos, reconher os princípios iluministas nesses processos e comparar as formas de governo neles adotadas: as independências das colônias inglesas e espanholas.","CG: 1 e 2
CA: 2 e 5
CE: 1, 2 e 4","AF:
- EF08HI01: pode ser desenvolvida junto à AF.
AC:
- EF08HI05: pode ser desenvolvida junto à AF.
- EF08HI13: pode ser desenvolvida junto à AF.","É possível o desenvolvimento com o estudante de análises de documentos históricos essenciais para a organização social da conteporaneidade mundial, tais como: a Declaração dos Direitos do Homem e do Cidadão (1789), a Constituição do Haiti (1801), a Declaração Universal dos Direitos Humanos (1948) e, no contexto nacional, a Constituição Cidadã do Brasil (1888), pois permitirá ao estudante reconhecer os princípios iluministas, além de estimular processos comparativos e de identificação de semelhanças e diferenças."
EF08HI05,Ensino Fundamental,08,,História,05,"Explicar os movimentos e as rebeliões da América portuguesa, articulando as temáticas locais e suas interfaces com processos ocorridos na Europa e nas Américas.",O mundo contemporâneo: o Antigo Regime em crise,Rebeliões na América portuguesa: as conjurações mineira e baiana,,,,,,,
EF08HI06,Ensino Fundamental,08,,História,06,"Aplicar os conceitos de Estado, nação, território, governo e país para o entendimento de conflitos e tensões.",Os processos de independência nas Américas,Independências na América espanhola,sim,AF/AC,EF07HI01,"• Construir os conceitos de Estado, nação, território, governo e país, por meio do levantamento, da organização, com base no levantamento de conhecimentos prévios.","CG: 1 e 2
CA: 2
CE: 6","AF:
- EF08GE05: pode ser desenvolvida junto à AF.","Essa habilidade tem relação direta com a (EF08GE05) do componente Geografia. Desse modo, é possível propor atividades relacionadas a construção do conceito de Estado-nação, para que o estudante o reconheça como principal forma de organização política-administrativa da contemporaneidade. Este foi construído entre o final do século XVIII e início do século XIX, por meio de diversos símbolos de nacionalidade (como a adoção e difusão de uma língua oficial, a formação de um exército nacional e datas comemorativas), consolidados por meio de estratégias (como a escola obrigatória e a propaganda oficial). Assim, permitiu-se a uniformização de costumes, culinária, vestuário etc. Desse modo, para a realização de qualquer análise geopolítica, é fundamental que o estudante conheça as definições dos conceitos descritos na habilidade. É importante destacar a definição de Estado nacional, uma vez que tem uma dimensão política (um governo), uma dimensão social (um povo/nação formado por pessoas que compartilham hábitos e valores comuns) e também uma dimensão territorial (que compreende um país, com fronteiras definidas por limites precisos, onde se exerce a ação de soberania dos governantes). Como possiblidade de atividade prática, é possível realizar pesquisas envolvendo diversas nações do mundo que possuem governos, mas que não têm territórios autônomos reconhecidos pelos órgãos internacionais (por exemplo, bascos e palestinos)."
EF08HI07,Ensino Fundamental,08,,História,07,"Identificar e contextualizar as especificidades dos diversos processos de independência nas Américas, seus aspectos populacionais e suas conformações territoriais.",Os processos de independência nas Américas,• A revolução dos escravizados em São Domingo e seus múltiplos significados e desdobramentos: o caso do Haiti,,,,,,,
EF08HI08,Ensino Fundamental,08,,História,08,Conhecer o ideário dos líderes dos movimentos independentistas e seu papel nas revoluções que levaram à independência das colônias hispano-americanas.,Os processos de independência nas Américas,Os caminhos até a independência do Brasil,,,,,,,
EF08HI09,Ensino Fundamental,08,,História,09,Conhecer as características e os principais pensadores do Pan-americanismo.,Os processos de independência nas Américas,Os caminhos até a independência do Brasil,,,,,,,
EF08HI10,Ensino Fundamental,08,,História,10,Identificar a Revolução de São Domingo como evento singular e desdobramento da Revolução Francesa e avaliar suas implicações.,Os processos de independência nas Américas,Os caminhos até a independência do Brasil,,,,,,,
EF08HI11,Ensino Fundamental,08,,História,11,"Identificar e explicar os protagonismos e a atuação de diferentes grupos sociais e étnicos nas lutas de independência no Brasil, na América espanhola e no Haiti.",Os processos de independência nas Américas,Os caminhos até a independência do Brasil,,,,,,,
EF08HI12,Ensino Fundamental,08,,História,12,"Caracterizar a organização política e social no Brasil desde a chegada da Corte portuguesa, em 1808, até 1822 e seus desdobramentos para a história política brasileira.",Os processos de independência nas Américas,Os caminhos até a independência do Brasil,sim,AF,EF07HI13,"• Identificar e compreender as organizações política e social no processo de independência do Brasil.
• Identificar, relacionar e analisar os fatores internos e externos que permitiram a independência  do Brasil: transferência da família real, abertura dos portos às nações amigas, Congresso de Viena, Revolução Pernambucana, Revolução do Porto e o Dia do Fico.
• Problematizar o processo de independência do Brasil, tendo em vista seu caráter conservador e elitista.","CG: 1 e 2
CA: 2 e 5
CE: 1",NENHUMA,"Sugere-se atividades complemetares que contemple a análise de episódios da série ""Era uma vez uma História"". Trata-se de uma série documental exibida em 4 episódios que estreou na Band com produção da Eyeworks e Cine Group no dia 27 de abril de 2017, em que abordam processos de independência do Brasil, desde os idos de 1808, até os acontecimentos que de fato permitiram a Proclamação da República. Ao assistir estes episódios, o estudante poderá rever algumas concepções e abordagens sobre personalidades e periodos históricos da história do Brasil independente e compreender como este processo ocorreu."
EF08HI13,Ensino Fundamental,08,,História,13,Analisar o processo de independência em diferentes países latino-americanos e comparar as formas de governo neles adotadas.,Os processos de independência nas Américas,Os caminhos até a independência do Brasil,,,,,,,
EF08HI14,Ensino Fundamental,08,,História,14,"Discutir a noção da tutela dos grupos indígenas e a participação dos negros na sociedade brasileira do final do período colonial, identificando permanências na forma de preconceitos, estereótipos e violências sobre as populações indígenas e negras no Brasil e nas Américas.",Os processos de independência nas Américas,"A tutela da população indígena, a escravidão dos negros e a tutela dos egressos da escravidão",,,,,,,
EF08HI15,Ensino Fundamental,08,,História,15,Identificar e analisar o equilíbrio das forças e os sujeitos envolvidos nas disputas políticas durante o Primeiro e o Segundo Reinado.,O Brasil no século XIX,O Período Regencial e as contestações ao poder central,sim,AF,EF08HI12,"• Analisar a Constituição de 1824 e identificar os mecanismos de centralização do poder.
• Relacionar as transformações territoriais, em razão de questões de fronteiras, com as tensões e os conflitos durante o Império (exemplo: Lei de Terras, de 1850).
• Identificar as questões internas e externas sobre a atuação do Brasil na Guerra do Paraguai e discutir diferentes versões sobre o conflito.","CG 1, 2 e 3
CA: 2
CE: 1 e 2","AC:
- EF08HI17: pode ser desenvolvida junto à AF.
- EF08HI18: pode ser desenvolvida junto à AF.","Para além da possibilidade de estabelecer processos comparativos entre as Constituições de 1824 e 1988, é possível ir além, propondo uma análise da Lei de Terras, de 1850, estabelecendo paralelos com o presente, a estrutura agrária brasileira. É possível trabalhar baseando-se em gráficos, infográficos e dados acerca da distribuição de terras no Brasil contemporâneo, a fim de evidenciar ao estudante a permanência da estrutura fundiária assentada no latifúndio, estrutura instalada no período colonial. Além disso, no que diz respeito à temática da Guerra do Paraguai, é possível não apenas abordar as diferentes versões do conflito, a partir da leitura de produções historiográficas e da análise de documentários, mas também enfatizar a importância dos negros escravizados e libertos no conflito direto e também nos processos de tomada de consciência por parte do exército, que se torna abolicionista depois da guerra."
EF08HI16,Ensino Fundamental,08,,História,16,"Identificar, comparar e analisar a diversidade política, social e regional nas rebeliões e nos movimentos contestatórios ao poder centralizado.",O Brasil no século XIX,O Brasil do Segundo Reinado: política e economia,,,,,,,
EF08HI17,Ensino Fundamental,08,,História,17,"Relacionar as transformações territoriais, em razão de questões de fronteiras, com as tensões e conflitos durante o Império.",O Brasil no século XIX,• A Lei de Terras e seus desdobramentos na política do Segundo Reinado,,,,,,,
EF08HI18,Ensino Fundamental,08,,História,18,Identificar as questões internas e externas sobre a atuação do Brasil na Guerra do Paraguai e discutir diferentes versões sobre o conflito.,O Brasil no século XIX,• Territórios e fronteiras: a Guerra do Paraguai,,,,,,,
EF08HI19,Ensino Fundamental,08,,História,19,"Formular questionamentos sobre o legado da escravidão nas Américas, com base na seleção e consulta de fontes de diferentes naturezas.",O Brasil no século XIX,"O escravismo no Brasil do século XIX: plantations e revoltas de escravizados, abolicionismo e políticas migratórias no Brasil Imperial",,,,,,,
EF08HI20,Ensino Fundamental,08,,História,20,Identificar e relacionar aspectos das estruturas sociais da atualidade com os legados da escravidão no Brasil e discutir a importância de ações afirmativas.,O Brasil no século XIX,"O escravismo no Brasil do século XIX: plantations e revoltas de escravizados, abolicionismo e políticas migratórias no Brasil Imperial",,,,,,,
EF08HI21,Ensino Fundamental,08,,História,21,Identificar e analisar as políticas oficiais com relação ao indígena durante o Império.,O Brasil no século XIX,Políticas de extermínio do indígena durante o Império,,,,,,,
EF08HI22,Ensino Fundamental,08,,História,22,"Discutir o papel das culturas letradas, não letradas e das artes na produção das identidades no Brasil do século XIX.",O Brasil no século XIX,"A produção do imaginário nacional brasileiro: cultura popular, representações visuais, letras e o Romantismo no Brasil",,,,,,,
EF08HI23,Ensino Fundamental,08,,História,23,Estabelecer relações causais entre as ideologias raciais e o determinismo no contexto do imperialismo europeu e seus impactos na África e na Ásia.,Configurações do mundo no século XIX,"Nacionalismo, revoluções e as novas nações europeias",sim,AF,EF07HI01 e EF07HI15,"• Analisar teorias racistas e cientificistas do final do século XIX.
• Reconhecer os principais produtos, utilizados pelos europeus, procedentes do continente africano durante o imperialismo e analisar os impactos sobre as comunidades locais na forma de organização e exploração econômica.
• Identificar e contextualizar o protagonismo das populações locais na resistência ao imperialismo na África e Ásia.
• Identificar as tensões e os significados dos discursos civilizatórios, avaliando os impactos negativos para os povos indígenas originários e as populações negras nas Américas.","CG: 1, 2 e 10
CA: 1, 2 e 6
CE: 1 e 3","AC:
- EF08HI24: pode ser desenvolvida junto à AF.
- EF08HI26: pode ser desenvolvida junto à AF.
- EF08HI27: pode ser desenvolvida junto à AF.
AF:
- EF08GE05: amplia o conhecimento da AF.","Algumas temáticas trabalhadas na (EF08GE05) do componente Geografia possibilitam um trabalho conjunto com o componente História, por meio de atividades que permitam o estudante conhecer e questionar as formas e as estratégias de controle (simbólicas e não simbólicas) utilizadas por potências europeias, sobretudo nos continentes africano e asiático, nos séculos XIX e XX, nos contextos do imperialismo e do neocolonialismo e, principalmente, no pós-Segunda Guerra Mundial. Deve-se destacar aos estudantes que teorias racistas foram elaboradas para justificar a dominação desses povos, deixando como legado vários problemas políticos, sociais, econômicos e, também, civis, como no caso de Ruanda, onde vários conflitos tribais resultaram em um genocídio no ano de 1994 e, também, no caso da África do Sul, em que houve o regime do apartheid de 1948 a 1994. Como possibilidade de atividade prática, é possível propor projetos temáticos, debates e mesas redondas, a fim de permitir ao estudante identificar os diferentes impactos, sobretudo às sociedades africanas."
EF08HI24,Ensino Fundamental,08,,História,24,"Reconhecer os principais produtos, utilizados pelos europeus, procedentes do continente africano durante o imperialismo e analisar os impactos sobre as comunidades locais na forma de organização e exploração econômica.",Configurações do mundo no século XIX,Uma nova ordem econômica: as demandas do capitalismo industrial e o lugar das economias africanas e asiáticas nas dinâmicas globais,,,,,,,
EF08HI25,Ensino Fundamental,08,,História,25,Caracterizar e contextualizar aspectos das relações entre os Estados Unidos da América e a América Latina no século XIX.,Configurações do mundo no século XIX,Os Estados Unidos da América e a América Latina no século XIX,,,,,,,
EF08HI26,Ensino Fundamental,08,,História,26,Identificar e contextualizar o protagonismo das populações locais na resistência ao imperialismo na África e Ásia.,Configurações do mundo no século XIX,O imperialismo europeu e a partilha da África e da Ásia,,,,,,,
EF08HI27,Ensino Fundamental,08,,História,27,"Identificar as tensões e os significados dos discursos civilizatórios, avaliando seus impactos negativos para os povos indígenas originários e as populações negras nas Américas.",Configurações do mundo no século XIX,Pensamento e cultura no século XIX: darwinismo e racismo,,,,,,,
EF08LI01,Ensino Fundamental,08,,Língua Inglesa,01,"Fazer uso da língua inglesa para resolver mal-entendidos, emitir opiniões e esclarecer informações por meio de paráfrases ou justificativas.",Interação discursiva,Negociação de sentidos (mal-entendidos no uso da língua inglesa e conflito de opiniões),,,,,,,
EF08LI02,Ensino Fundamental,08,,Língua Inglesa,02,"Explorar o uso de recursos linguísticos (frases incompletas, hesitações, entre outros) e paralinguísticos (gestos, expressões faciais, entre outros) em situações de interação oral.",Interação discursiva,Usos de recursos linguísticos e paralinguísticos no intercâmbio oral,,,,,,,
EF08LI03,Ensino Fundamental,08,,Língua Inglesa,03,"Construir o sentido global de textos orais, relacionando suas partes, o assunto principal e informações relevantes.",Compreensão oral,"Compreensão de textos orais, multimodais, de cunho informativo/jornalístico",,,,,,,
EF08LI04,Ensino Fundamental,08,,Língua Inglesa,04,"Utilizar recursos e repertório linguísticos apropriados para informar/comunicar/falar do futuro: planos, previsões, possibilidades e probabilidades.",Produção oral,Produção de textos orais com autonomia,,,,,,,
EF08LI05,Ensino Fundamental,08,,Língua Inglesa,05,Inferir informações e relações que não aparecem de modo explícito no texto para construção de sentidos.,Estratégias de leitura,Construção de sentidos por meio de inferências e reconhecimento de implícitos,,,,,,,
EF08LI06,Ensino Fundamental,08,,Língua Inglesa,06,"Apreciar textos narrativos em língua inglesa (contos, romances, entre outros, em versão original ou simplificada), como forma de valorizar o patrimônio cultural produzido em língua inglesa.",Práticas de leitura e fruição,Leitura de textos de cunho artístico/literário,,,,,,,
EF08LI07,Ensino Fundamental,08,,Língua Inglesa,07,Explorar ambientes virtuais e/ou aplicativos para acessar e usufruir do patrimônio artístico literário em língua inglesa.,Práticas de leitura e fruição,Leitura de textos de cunho artístico/literário,,,,,,,
EF08LI08,Ensino Fundamental,08,,Língua Inglesa,08,"Analisar, criticamente, o conteúdo de textos, comparando diferentes perspectivas apresentadas sobre um mesmo assunto.",Avaliação dos textos lidos,Reflexão pós-leitura,,,,,,,
EF08LI09,Ensino Fundamental,08,,Língua Inglesa,09,"Avaliar a própria produção escrita e a de colegas, com base no contexto de comunicação (finalidade e adequação ao público, conteúdo a ser comunicado, organização textual, legibilidade, estrutura de frases).",Estratégias de escrita: escrita e pós- escrita,Revisão de textos com a mediação do professor,,,,,,,
EF08LI10,Ensino Fundamental,08,,Língua Inglesa,10,"Reconstruir o texto, com cortes, acréscimos, reformulações e correções, para aprimoramento, edição e publicação final.",Estratégias de escrita: escrita e pós- escrita,Revisão de textos com a mediação do professor,,,,,,,
EF08LI11,Ensino Fundamental,08,,Língua Inglesa,11,"Produzir textos (comentários em fóruns, relatos pessoais, mensagens instantâneas, tweets, reportagens, histórias de ficção, blogues, entre outros), com o uso de estratégias de escrita (planejamento, produção de rascunho, revisão e edição final), apontando sonhos e projetos para o futuro (pessoal, da família, da comunidade ou do planeta).",Práticas de escrita,Produção de textos escritos com mediação do professor/colegas,,,,,,,
EF08LI12,Ensino Fundamental,08,,Língua Inglesa,12,"Construir repertório lexical relativo a planos, previsões e expectativas para o futuro.",Estudo do léxico,Construção de repertório lexical,,,,,,,
EF08LI13,Ensino Fundamental,08,,Língua Inglesa,13,Reconhecer sufixos e prefixos comuns utilizados na formação de palavras em língua inglesa.,Estudo do léxico,Formação de palavras: prefixos e sufixos,,,,,,,
EF08LI14,Ensino Fundamental,08,,Língua Inglesa,14,Utilizar formas verbais do futuro para descrever planos e expectativas e fazer previsões.,Gramática,Verbos para indicar o futuro,,,,,,,
EF08LI15,Ensino Fundamental,08,,Língua Inglesa,15,"Utilizar, de modo inteligível, as formas comparativas e superlativas de adjetivos para comparar qualidades e quantidades.",Gramática,Comparativos e superlativos,,,,,,,
EF08LI16,Ensino Fundamental,08,,Língua Inglesa,16,"Utilizar, de modo inteligível, corretamente, some, any, many, much.",Gramática,Quantificadores,,,,,,,
EF08LI17,Ensino Fundamental,08,,Língua Inglesa,17,"Empregar, de modo inteligível, os pronomes relativos (who, which, that, whose) para construir períodos compostos por subordinação.",Gramática,Pronomes relativos,,,,,,,
EF08LI18,Ensino Fundamental,08,,Língua Inglesa,18,"Construir repertório cultural por meio do contato com manifestações artístico-culturais vinculadas à língua inglesa (artes plásticas e visuais, literatura, música, cinema, dança, festividades, entre outros), valorizando a diversidade entre culturas.",Manifestações culturais,Construção de repertório artístico-cultural,,,,,,,
EF08LI19,Ensino Fundamental,08,,Língua Inglesa,19,"Investigar de que forma expressões, gestos e comportamentos são interpretados em função de aspectos culturais.",Comunicação intercultural,Impacto de aspectos culturais na comunicação,,,,,,,
EF08LI20,Ensino Fundamental,08,,Língua Inglesa,20,Examinar fatores que podem impedir o entendimento entre pessoas de culturas diferentes que falam a língua inglesa.,Comunicação intercultural,Impacto de aspectos culturais na comunicação,,,,,,,
EF08LP01,Ensino Fundamental,08,,Língua Portuguesa,01,"Identificar e comparar as várias editorias de jornais impressos e digitais e de sites noticiosos, de forma a refletir sobre os tipos de fato que são noticiados e comentados, as escolhas sobre o que noticiar e o que não noticiar e o destaque/enfoque dado e a fidedignidade da informação.",Leitura,"Caracterização do campo jornalístico e relação entre os gêneros em circulação, mídias e práticas da cultura digital",sim,AF,EF67LP07 e EF67LP13,"• Reconhecer a estrutura do gênero editorial.
• Reconhecer as teses e os argumentos usados.
• Relacionar o texto ao suporte.
• Reconhecer o posicionamento do veículo de comunicação.","CG:  2, 4 e 7
CA: 2 e 3
CE: 6 e 7","EF:EF69LP01, EF69LP03,        EF89LP02,   EF89LP07               AF: EF08LP02, EF89LP03, EF89LP04, EF89LP06, EF89LP14, EF89LP16
AC: EF08LP09, EF08LP10, EF08LP13,  EF08LP15, EF89LP29, EF89LP05, EF89LP32","A habilidade propõe o reconhecimento do gênero editorial e sua análise de modo a permitir que o estudante reconheça a proposta editorial de uma publicação e as escolhas que são feitas. Ela apresenta progressão em relação à habilidade EF07LP01. Para desenvolvê-la, sugere-se atividades de rodas de leitura em grupos ou compartilhadas para que o estudante reconheça as características estruturais dos textos, bem como as informações que são comentadas e analisadas. Essas atividades podem ser complementadas por meio de perguntas norteadoras ou ainda de tabelas comparativas que permitam aos estudantes comparar diferentes editoriais. Além disso, é interessante propor atividades que permitam que o estudante explores os jornais e revistas impressos e digitais e observem de que maneira e em que local esses textos são publicados relacionando o texto ao suporte. As habilidades complementares do 8º ano podem ser articuladas de modo a ampliar o repertório do estudante para desenvolver estratégias de leitura. Por exemplo, a habilidade EF08LP10 trata da análise do uso de adjuntos adverbiais no texto e pode permitir a análise desses elementos em argumentos dos editoriais."
EF08LP02,Ensino Fundamental,08,,Língua Portuguesa,02,"Justificar diferenças ou semelhanças no tratamento dado a uma mesma informação veiculada em textos diferentes, consultando sites e serviços de checadores de fatos.",Leitura,Relação entre textos,sim,AF,EF67LP07 e EF67LP13,"• Reconhecer o gênero que traz informações.
• Comparar os textos para saber que trazem a mesma informação.
• Reconhecer as condições de produção e circulação do texto (suporte, função social).
• Reconhecer ferramentas de curadoria e utilizá-las para checar fatos.","CG:  2, 4 e 7  CA: 2 e 3
CE: 6 e 7","EF:EF69LP01, EF69LP03,        EF89LP02,   EF89LP07               AF: EF08LP02, EF89LP03, EF89LP04, EF89LP06, EF89LP14, EF89LP16
AC: EF08LP09, EF08LP10, EF08LP13,  EF08LP15, EF89LP29, EF89LP05, EF89LP32","Esta habilidade apresenta uma progressão em relação à habilidade EF07LP02. No 7º ano, o objetivo era comparar textos que traziam uma mesma informação, como notícias e reportagens. No 8º ano, o foco é justificar o tratamento dado à informação. Para isso,  podem ser propostas atividades que relacionem os textos às suas condições de produção (quem é o autor, onde foi publicada, qual a proposta editorial do veículo). Nesse sentido, recuperam-se habilidades desenvolvidas em anos anteriores.  As atividades de leitura e análise do texto podem ser propostas, incialmente, em duplas. Essas duplas podem, posteriormente, formar um grupo com outra dupla que analisou um texto diferente que trata do mesmo fato e assim, compará-los. Outra possibilidade é, para ajudar os estudantes a desenvolver estsratégias de curadoria, propor uma situação-problema em que eles tenham que pesquisar quais são os sites e ferramentas que checam os fatos. Dessa forma, ao desenvolver estratégias de curadoria e desenvolver a capacidade do estudante de justificar e argumentar, promove-se o desenvolvimento da criticidade, incentivando os estudantes a agir pautados pela ética."
EF08LP03,Ensino Fundamental,08,,Língua Portuguesa,03,"Produzir artigos de opinião, tendo em vista o contexto de produção dado, a defesa de um ponto de vista, utilizando argumentos e contra-argumentos e articuladores de coesão que marquem relações de oposição, contraste, exempliﬁcação, ênfase.",Produção de textos,Textualização de textos argumentativos e apreciativos,sim,AF,EF67LP07,"• Reconhecer o contexto de produção do texto e as características do gênero.
• Posicionar-se diante de um tema.
• Selecionar tipos de argumento para defender um ponto de vista.
• Diferenciar tese de argumento.
• Identificar argumentos.
• Inferir posicionamentos.
• Posicionar-se de maneira embasada.","CG:  2, 4 e 7  CA: 2 e 4
CE: 2 e 6","EF: EF89LP07, EF89LP02,  EF69LP03    AF: EF08LP01, EF89LP03, EF89LP04, EF89LP06, EF89LP14, EF89LP16                   AC: EF08LP10, EF08LP13, EF08LP15, EF08LP08, EF08LP09, EF89LP29","A habilidade pressupõe a escrita de um artigo de opinião. Para tanto, é interessante que o estudante tenha tido contado com o gênero, sua função social e suas características estruturais e estilísticas, ou seja, a forma de composição do texto e o tipo de linguagem usada. Nesse sentido, é interessante articular a produção às habilidades de leitura do gênero, como EF89LP03 e EF89LP04. A partir do desenvolvimento de atividades voltados para essas habilidades, sugere-se que a produção escrita  seja processual, ou seja, que tenha etapas de planejamento, produção, revisão e reescrita. O planejamento pode propor qual o destino da escrita e o público-alvo do texto, de modo a torná-lo mais significativo e contemplar o levantamento da tese e dos argumentos. Em relação à argumentação, observa-se que, no 8º ano, o foco são os argumentos e contra-argumentos com ênfase nos articuladores de coesão que marquem oposição, contraste, exemplificação e ênfase. Nesse caso, por exemplo, pode-se abordar a diferença entre “embora” e “mas” que marcam oposição, mas apresentam diferenças de sentido,  ou seja, enquanto um marca uma oposição fraca (embora) o outro marca uma oposição forte, invalidando o período anterior (mas). Uma sugestão é  levantar quais critérios (discursivos – relativos ao gênero e notacionais – relativos ao uso da língua) serão observados e deverão ser seguidos na produção. A revisão pode ser proposta em duplas ou grupos para observar os aspectos que nortearão a reescrita."
EF08LP04,Ensino Fundamental,08,,Língua Portuguesa,04,"Utilizar, ao produzir texto, conhecimentos linguísticos e gramaticais: ortografia, regências e concordâncias nominal e verbal, modos e tempos verbais, pontuação etc.",Análise linguística/ semiótica,Fono-ortografia,,,,,,,
EF08LP05,Ensino Fundamental,08,,Língua Portuguesa,05,"Analisar processos de formação de palavras por composição (aglutinação e justaposição), apropriando-se de regras básicas de uso do hífen em palavras compostas.",Análise linguística/ semiótica,Léxico/morfologia,,,,,,,
EF08LP06,Ensino Fundamental,08,,Língua Portuguesa,06,"Identificar, em textos lidos ou de produção própria, os termos constitutivos da oração (sujeito e seus modificadores, verbo e seus complementos e modificadores).",Análise linguística/ semiótica,Morfossintaxe,,,,,,,
EF08LP07,Ensino Fundamental,08,,Língua Portuguesa,07,"Diferenciar, em textos lidos ou de produção própria, complementos diretos e indiretos de verbos transitivos, apropriando-se da regência de verbos de uso frequente.",Análise linguística/ semiótica,Morfossintaxe,,,,,,,
EF08LP08,Ensino Fundamental,08,,Língua Portuguesa,08,"Identificar, em textos lidos ou de produção própria, verbos na voz ativa e na voz passiva, interpretando os efeitos de sentido de sujeito ativo e passivo (agente da passiva).",Análise linguística/ semiótica,Morfossintaxe,,,,,,,
EF08LP09,Ensino Fundamental,08,,Língua Portuguesa,09,"Interpretar efeitos de sentido de modificadores (adjuntos adnominais – artigos definido ou indefinido, adjetivos, expressões adjetivas) em substantivos com função de sujeito ou de complemento verbal, usando-os para enriquecer seus próprios textos.",Análise linguística/ semiótica,Morfossintaxe,,,,,,,
EF08LP10,Ensino Fundamental,08,,Língua Portuguesa,10,"Interpretar, em textos lidos ou de produção própria, efeitos de sentido de modificadores do verbo (adjuntos adverbiais – advérbios e expressões adverbiais), usando-os para enriquecer seus próprios textos.",Análise linguística/ semiótica,Morfossintaxe,,,,,,,
EF08LP11,Ensino Fundamental,08,,Língua Portuguesa,11,"Identificar, em textos lidos ou de produção própria, agrupamento de orações em períodos, diferenciando coordenação de subordinação.",Análise linguística/ semiótica,Morfossintaxe,,,,,,,
EF08LP12,Ensino Fundamental,08,,Língua Portuguesa,12,"Identificar, em textos lidos, orações subordinadas com conjunções de uso frequente, incorporando-as às suas próprias produções.",Análise linguística/ semiótica,Morfossintaxe,,,,,,,
EF08LP13,Ensino Fundamental,08,,Língua Portuguesa,13,Inferir efeitos de sentido decorrentes do uso de recursos de coesão sequencial: conjunções e articuladores textuais.,Análise linguística/ semiótica,Morfossintaxe,,,,,,,
EF08LP14,Ensino Fundamental,08,,Língua Portuguesa,14,"Utilizar, ao produzir texto, recursos de coesão sequencial (articuladores) e referencial (léxica e pronominal), construções passivas e impessoais, discurso direto e indireto e outros recursos expressivos adequados ao gênero textual.",Análise linguística/semiótica,Semântica,,,,,,,
EF08LP15,Ensino Fundamental,08,,Língua Portuguesa,15,"Estabelecer relações entre partes do texto, identificando o antecedente de um pronome relativo ou o referente comum de uma cadeia de substituições lexicais.",Análise linguística/semiótica,Coesão,,,,,,,
EF08LP16,Ensino Fundamental,08,,Língua Portuguesa,16,"Explicar os efeitos de sentido do uso, em textos, de estratégias de modalização e argumentatividade (sinais de pontuação, adjetivos, substantivos, expressões de grau, verbos e perífrases verbais, advérbios etc.).",Análise linguística/semiótica,Modalização,,,,,,,
EF08MA01,Ensino Fundamental,08,,Matemática,01,Efetuar cálculos com potências de expoentes inteiros e aplicar esse conhecimento na representação de números em notação científica.,Números,Notação científica,sim,AF,"EF06MA11
 EF07MA10","• Identificar a potência como representação do produto repetitivo de um mesmo fator.
• Estender o conceito de potência para expoentes negativos pela regularidade das propriedades das potências com expoentes naturais.
• Reconhecer o valor da notação científica para a leitura e comunicação de valores muito grandes ou muito pequenos.
• Efetuar cálculos com potências de expoentes positivos ou negativos.",CG: 4,EF08MA02 e EF08MA05,"Efetuar cálculos com potências de expoentes inteiros e aplicar esse conhecimento na representação de números em notação científica se relaciona a compreender as propriedades da potenciação como forma de facilitar os cálculos com as potências e, consequentemente, como mais uma forma de representação de números. Implica também em perceber a notação científica como modo de expressar quantidades significativamente grandes ou significativamente pequenas usando potências de 10."
EF08MA02,Ensino Fundamental,08,,Matemática,02,"Resolver e elaborar problemas usando a relação entre potenciação e radiciação, para representar uma raiz como potência de expoente fracionário.",Números,Potenciação e radiciação,,,,,,,
EF08MA03,Ensino Fundamental,08,,Matemática,03,Resolver e elaborar problemas de contagem cuja resolução envolva a aplicação do princípio multiplicativo.,Números,O princípio multiplicativo da contagem,sim,AF,,"• Identificar a necessidade da contagem organizada para resolver situações-problema em diferentes contextos.
• Conhecer o princípio multiplicativo para a contagem.
• Modelar problemas de contagem por meio do princípio multiplicativo.
• Resolver problemas de contagem.
• Elaborar problemas de contagem.","CE: 3, 4 e 6
CG: 2, 4, 9 e 10",,"Resolver e elaborar problemas de contagem cuja resolução envolva a aplicação do princípio multiplicativo implica em desenvolver processos de contagem, associando-os à multiplicação."
EF08MA04,Ensino Fundamental,08,,Matemática,04,"Resolver e elaborar problemas, envolvendo cálculo de porcentagens, incluindo o uso de tecnologias digitais.",Números,Porcentagens,sim,AF,EF07MA02,"• Conhecer as ferramentas de calculadoras simples para o cálculo de porcentagens.
• Calcular porcentagens em acréscimos e decréscimos simples, inclusive com o uso de calculadora.
• (EF) Resolver problemas em contexto que envolvam o conceito e o cálculo de porcentagem.
• Elaborar situações-problema que envolvam porcentagem.","CE: 3, 5 e 6
 CG: 2,4, 5, 9 e 10",,"Resolver e elaborar problemas, envolvendo cálculo de porcentagens, implica em que os alunos conheçam o significado de porcentagem, suas representações e desenvolvam estratégias para o cálculo de valores percentuais,incluindo o uso de tecnologias digitais. A utilização de calculadoras, planilhas eletrônicas e aplicativos pode suscitar bons contextos para problematizações no que se refere ao procedimento correto que deve ser executado pelo instrumento proposto."
EF08MA05,Ensino Fundamental,08,,Matemática,05,Reconhecer e utilizar procedimentos para a obtenção de uma fração geratriz para uma dízima periódica.,Números,Dízimas periódicas: fração geratriz,,,,,,,
EF08MA06,Ensino Fundamental,08,,Matemática,06,"Resolver e elaborar problemas que envolvam cálculo do valor numérico de expressões algébricas, utilizando as propriedades das operações.",Álgebra,Valor numérico de expressões algébricas,sim,AF,EF07MA13,"• Utilizar o conceito de variável para modelar a relação entre duas grandezas.
• Conhecer as operações básicas envolvendo expressões algébricas com uma variável.
• Calcular o valor numérico de uma expressão algébrica.
• Modelar uma situação-problema por meio de uma expressão algébrica.","CE: 6
 CG: 2,4,9,10",EF08MA10 e EF08MA11,"Essa habilidade implica em conhecer as principais propriedades das operações, de modo a permitir a compreensão da álgebra como aritmética generalizada, e ainda, o reconhecimento da letra na escrita algébrica como variável e, por isso, passível de substituição por um número, a percepção de que  valor de uma expressão algébrica varia em função da substituição da letra por um número."
EF08MA07,Ensino Fundamental,08,,Matemática,07,Associar uma equação linear de 1º grau com duas incógnitas a uma reta no plano cartesiano.,Álgebra,Associação de uma equação linear de 1º grau a uma reta no plano cartesiano,sim,AF,EF07MA18,"• Representar pontos no plano cartesiano associados a uma equação de 1º grau com duas variáveis.
• Identificar relações entre coeficientes de uma equação da forma y = ax + b com propriedades geométricas da reta que representa essa equação no plano cartesiano.
• Expressar por meio de uma equação da forma y = ax + b os pontos de uma reta traçada no plano cartesiano.","CE: 3
CG: 4 e 5",,"Essa habilidade significa entender uma outra possibilidade de representação para a variação entre duas grandezas, que nesse caso se relacionam por meio de uma equação linear do 1o grau. A representação, leitura e interpretação de dados apresentados por meio do gráfico de uma reta que passa pela origem também estão relacionados a esta habilidade. A ideia de letra como variável e da álgebra como estudo de relações também é uma compreensão esperada nesta habilidade."
EF08MA08,Ensino Fundamental,08,,Matemática,08,"Resolver e elaborar problemas relacionados ao seu contexto próximo, que possam ser representados por sistemas de equações de 1º grau com duas incógnitas e interpretá-los, utilizando, inclusive, o plano cartesiano como recurso.",Álgebra,Sistema de equações polinomiais de 1º grau: resolução algébrica e representação no plano cartesiano,sim,AF,"EF08MA06
EF08MA07
EF07MA18","• Compreender o significado de um sistema de duas equações de 1º grau em diferentes contextos.
• Representar um sistema de duas equações de 1º grau por retas no plano cartesiano.
• Resolver sistemas de duas equações de 1º grau por diferentes estratégias (mental, processo algébrico, geométrico).
• Utilizar sistemas de equações de 1º grau para modelar e resolver situações-problema em contexto.
• Elaborar problemas que envolvam sistemas de equações de 1º grau.","CE: 3 e 6
   CG: 2, 4, 5, 9 e 10",,"Essa habilidade se relaciona com a capacidade de resolver problemas por equações, a identificação do que seja e como se resolve um sistema nas condições da habilidade, por meio de diferentes estratégias, incluindo a representação gráfica, e a análise da resolução encontrada de modo a saber se o sistema tem ou não solução e se a solução do sistema é a solução do problema no qual ele aparece."
EF08MA09,Ensino Fundamental,08,,Matemática,09,"Resolver e elaborar, com e sem uso de tecnologias, problemas que possam ser representados por equações polinomiais de 2º grau do tipo ax2 = b.",Álgebra,Equação polinomial de 2º grau do tipo ax = b,,,,,,,
EF08MA10,Ensino Fundamental,08,,Matemática,10,Identificar a regularidade de uma sequência numérica ou figural não recursiva e construir um algoritmo por meio de um fluxograma que permita indicar os números ou as figuras seguintes.,Álgebra,Sequências recursivas e não recursivas,,,,,,,
EF08MA11,Ensino Fundamental,08,,Matemática,11,Identificar a regularidade de uma sequência numérica recursiva e construir um algoritmo por meio de um fluxograma que permita indicar os números seguintes.,Álgebra,Sequências recursivas e não recursivas,,,,,,,
EF08MA12,Ensino Fundamental,08,,Matemática,12,"Identificar a natureza da variação de duas grandezas, diretamente, inversamente proporcionais ou não proporcionais, expressando a relação existente por meio de sentença algébrica e representá-la no plano cartesiano.",Álgebra,"Variação de grandezas: diretamente proporcionais, inversamente proporcionais ou não proporcionais",sim,AF,EF07MA17,"• Identificar a relação de proporcionalidade ou não entre duas grandezas.
• Distinguir a proporcionalidade direta ou inversa entre duas grandezas.
• Expressar, por meio de uma expressão algébrica, a relação de proporcionalidade entre duas grandezas.
• Representar no plano cartesiano os gráficos correspondentes à variação de proporcionalidade entre duas grandezas (direta ou inversamente proporcionais).","CE: 3 e 6
 CG: 1, 4 e 5",EF08MA09,"Essa habilidade implica em  exploração de situações-problema  envolvendo números racionais que indicam razão,  a ideia de proporcionalidade, a identificação da natureza da variação de duas grandezas direta ou inversamente proporcionais ou não proporcionais, associar diferentes formas de representar grandezas direta ou inversamente proporcionais incluindo representações gráficas, algébrica e no plano cartesiano, bem como perceber que a representação algébrica das relações proporcionais nada mais é do que a declaração de igualdade entre duas variáveis."
EF08MA13,Ensino Fundamental,08,,Matemática,13,"Resolver e elaborar problemas que envolvam grandezas diretamente ou inversamente proporcionais, por meio de estratégias variadas.",Álgebra,"Variação de grandezas: diretamente proporcionais, inversamente proporcionais ou não proporcionais",sim,AF,"EF07MA17
EF08MA12","• Identificar em situações-problema a relação de proporcionalidade entre duas grandezas.
• Modelar por meio de uma expressão algébrica ou graficamente uma situação-problema contextualizada que envolva a relação de proporcionalidade entre duas grandezas.
• Resolver problemas que envolvam a proporcionalidade entre duas grandezas (direta ou inversamente proporcionais).
• Elaborar problemas que envolvam a proporcionalidade direta entre duas grandezas.","CE: 1, 3 e 6
  CG: 2, 4, 9 e 10",,"Resolver e elaborar problemas que envolvam grandezas diretamente ou inversamente proporcionais, por meio de estratégias variadas, implica em reconhecer a relação de proporcionalidade como uma forma de relacionar grandezas, expressar a relação percebida por uma escrita algébrica e diferenciar o significado de grandezas direta ou inversamente proporcionais em situação problema."
EF08MA14,Ensino Fundamental,08,,Matemática,14,Demonstrar propriedades de quadriláteros por meio da identificação da congruência de triângulos.,Geometria,Congruência de triângulos e demonstrações de propriedades de quadriláteros,sim,AF,"EF06MA19
EF06MA20
EF07MA24","• Conhecer as propriedades de lados e ângulos em triângulos.
• Conhecer os casos de congruência de triângulos.
• Decompor quadriláteros em triângulos.
• Utilizar as propriedades dos triângulos para deduzir propriedades geométricas em quadriláteros básicos (quadrados, retângulos, paralelogramos, trapézios e losangos).","CE: 2
CG: 4","EF08MA15
 EF08MA16
EF08MA17","Demonstrar propriedades de quadriláteros por meio da identificação da congruência de triângulos implica em conhecer os casos de congruência de triângulos e aplicá-los para demonstrar propriedades tais como: Em todo paralelogramo, os lados opostos têm medidas iguais; recíprocamente, se um quadrilátero tem os lados opostos congruentes (de mesma medida), então ele é um paralelogramo; Em todo paralelogramo, os lados opostos são congruentes; reciprocamente, se os ângulos opostos de um quadrilátero são congruentes, então ele é um paralelogramo; Em todo paralelogramo, as diagonais se cortam mutuamente ao meio; reciprocamente, se num quadrilátero as diagonais se cortam mutuamente ao meio, então ele é um paralelogramo. No caso dos losangos: As diagonais estão contidas nas bissetrizes dos ângulos cujos vértices elas unem; as diagonais são perpendiculares entre si. No caso dos retângulos: Em todo retângulo, as diagonais têm medidas iguais."
EF08MA15,Ensino Fundamental,08,,Matemática,15,"Construir, utilizando instrumentos de desenho ou softwares de geometria dinâmica, mediatriz, bissetriz, ângulos de 90°, 60°, 45° e 30° e polígonos regulares.",Geometria,"Construções geométricas: ângulos de 90°, 60°, 45° e 30° e polígonos regulares",,,,,,,
EF08MA16,Ensino Fundamental,08,,Matemática,16,"Descrever, por escrito e por meio de um fluxograma, um algoritmo para a construção de um hexágono regular de qualquer área, a partir da medida do ângulo central e da utilização de esquadros e compasso.",Geometria,"Construções geométricas: ângulos de 90°, 60°, 45° e 30° e polígonos regulares",,,,,,,
EF08MA17,Ensino Fundamental,08,,Matemática,17,Aplicar os conceitos de mediatriz e bissetriz como lugares geométricos na resolução de problemas.,Geometria,Mediatriz e bissetriz como lugares geométricos: construção e problemas,,,,,,,
EF08MA18,Ensino Fundamental,08,,Matemática,18,"Reconhecer e construir figuras obtidas por composições de transformações geométricas (translação, reflexão e rotação), com o uso de instrumentos de desenho ou de softwares de geometria dinâmica.",Geometria,"Transformações geométricas: simetrias de translação, reflexão e rotação",sim,AF,,"• Conhecer as transformações geométricas isométricas no plano (translações, reflexões e rotações).
• Identificar a composição das transformações geométricas em contextos diversos, como obras de arte.
• Construir figuras por composição de transformações geométricas com o uso de régua e compasso.
• Conhecer as ferramentas de softwares de geometria dinâmica.
• Construir figuras por composição de transformações geométricas com o uso de softwares de geometria dinâmica.","CE: 1, 3, 5 e 6
 CG: 4 e 5",,"Reconhecer e construir figuras obtidas por composições de transformações geométricas (translação, reflexão e rotação), com o uso de instrumentos de desenho ou de softwares de geometria dinâmica implica em compreender que a simetria no plano é um tipo de transformação que preserva a forma e as medidas das figuras  tais como ângulos, comprimento dos lados e a área no caso das figuras planas. Significa associar que as transformações podem ocorrer em torno de pontos e retas. Simetria de reflexão é aquela em que pontos, figuras ou partes de figuras geométricas são obtidas por meio de uma reflexão de outra figura, parte de figura ou ponto em relação a uma reta, chamada eixo de simetria. Neste movimento,  dois pontos correspondentes quaisquer das figuras simétricas devem estar em lados opostos em relação ao eixo de simetria e a uma mesma distância desse eixo . Translação é um movimenro em que a figura se desloca paralelamente a uma reta.Neste movimento, todos os pontos da figura são deslocados em um mesmo sentido e direção em relação à reta, mantendo a mesma distância entre os pontos correspondentes da figura na posição inicial e na posição final. Rotação  é o movimento em que a figura gira ao redor de um ponto fixo chamado centro de rotação, a distância da figura ao centro de rotação se mantém constante e a medida do giro é chamada ângulo de rotação e deve ser maior do que 0° e menor do que 360°. A reflexão deslizante é um movimento que resulta da combinação de translação e reflexão onde os mesmos elementos são necessários: eixo, direção e magnitude."
EF08MA19,Ensino Fundamental,08,,Matemática,19,"Resolver e elaborar problemas que envolvam medidas de área de figuras geométricas, utilizando expressões de cálculo de área (quadriláteros, triângulos e círculos), em situações como determinar medida de terrenos.",Grandezas e medidas,Área do círculo e comprimento de sua circunferência,sim,AF,"EF07MA31
EF07MA32","• Calcular a área de círculos.
• Decompor polígonos em triângulos e/ou quadriláteros.
• Resolver problemas que envolvam o cálculo de área de figuras que podem ser decompostas em polígonos e/ou partes de círculos em contextos reais.
• Elaborar problemas que envolvam o cálculo de área de polígonos e/ou partes de círculos em projetos significativos que requeiram medições.","CE: 1, 2, 3 e 6
  CG: 2, 4, 9 e 10",,"Resolver e elaborar problemas que envolvam medidas de área de figuras geométricas, utilizando expressões de cálculo de área (quadriláteros, triângulos e círculos), em situações como determinar medida de terrenos, implica em compreender a expressão algébrica usada para o cálculo da  área de cada uma das figuras citadas e utilizar essas expressões para resolver problemas."
EF08MA20,Ensino Fundamental,08,,Matemática,20,"Reconhecer a relação entre um litro e um decímetro cúbico e a relação entre litro e metro cúbico, para resolver problemas de cálculo de capacidade de recipientes.",Grandezas e medidas,Medidas de capacidade,sim,AF,EF07MA30,"• Distinguir os conceitos de volume de um sólido e capacidade de um recipiente ou embalagem.
• Relacionar as medidas mais usuais de volume e de capacidade.
• Utilizar a relação entre volume e capacidade na resolução de situações-problema de cálculo de capacidade de recipientes.
• Resolver situações problema que envolvam volume e capacidade de cubos e blocos retangulares.","CE: 6
CG: 1, 2 e 4",,"Reconhecer a relação entre um litro e um decímetro cúbico e a relação entre litro e metro cúbico, para resolver problemas de cálculo de capacidade de recipientes implica em  reconhecer volume como grandeza associada a sólidos geométricos; o volume de um corpo é a quantidade de espaço ocupada por esse corpo. A medição do volume é feita em unidade cúbicas (centímetro cúbico, metro cúbico) e reconhecer capacidade como volume interno de um objeto, cuja unidade de medida padrão é o litro."
EF08MA21,Ensino Fundamental,08,,Matemática,21,Resolver e elaborar problemas que envolvam o cálculo do volume de recipiente cujo formato é o de um bloco retangular.,Grandezas e medidas,Medidas de capacidade,,,,,,,
EF08MA22,Ensino Fundamental,08,,Matemática,22,"Calcular a probabilidade de eventos, com base na construção do espaço amostral, utilizando o princípio multiplicativo, e reconhecer que a soma das probabilidades de todos os elementos do espaço amostral é igual a 1.",Probabilidade e estatística,Soma das probabilidades de todos os elementos de um espaço amostral,sim,AF,EF06MA30,"• Determinar o espaço amostral de um evento aleatório.
• Calcular a probabilidade de um evento pela contagem dos elementos de seu espaço amostral.
• Utilizar o princípio multiplicativo para a contagem de elementos do espaço amostral de um evento aleatório.
• Reconhecer que a soma das probabilidades de todos os elementos do espaço amostral é igual a 1.","CE: 6
   CG: 4",,"Calcular a probabilidade de eventos, com base na construção do espaço amostral, utilizando o princípio multiplicativo, e reconhecer que a soma das probabilidades de todos os elementos do espaço amostral é igual a 1 implica em calcular probabilidades estabelecendo a razão entre evento e espaço amostral (visão clássica) e em analisar e compreender o espaço amostral que, neste caso, está associado aos problemas de contagem, utilizando o princípio multiplicativo para determinar o ""tamanho"" do espaço amostral. A habilidade refere-se também à compreensão de que o espaço amostral corresponde a 1 inteiro ou 100% e que a soma de todas as probabilidades em um mesmo espaço amostral deve ser igual a 1 ou 100%."
EF08MA23,Ensino Fundamental,08,,Matemática,23,Avaliar a adequação de diferentes tipos de gráficos para representar um conjunto de dados de uma pesquisa.,Probabilidade e estatística,"Gráficos de barras, colunas, linhas ou setores e seus elementos constitutivos e adequação para determinado conjunto de dados",,,,,,,
EF08MA24,Ensino Fundamental,08,,Matemática,24,"Classificar as frequências de uma variável contínua de uma pesquisa em classes, de modo que resumam os dados de maneira adequada para a tomada de decisões.",Probabilidade e estatística,Organização dos dados de uma variável contínua em classes,,,,,,,
EF08MA25,Ensino Fundamental,08,,Matemática,25,"Obter os valores de medidas de tendência central de uma pesquisa estatística (média, moda e mediana) com a compreensão de seus significados e relacioná-los com a dispersão de dados, indicada pela amplitude.",Probabilidade e estatística,Medidas de tendência central e de dispersão,sim,AF,EF07MA35,"• Calcular a média, a moda e a mediana de um conjunto de dados numéricos.
• Compreender o significado de amplitude de um conjunto de dados numéricos.
• Relacionar os valores das medidas de tendência central (média, moda e mediana) de uma pesquisa estatística.
• Identificar situações em que as medidas correspondam ou não à tendência dos valores de uma pesquisa estatística, em função da amplitude dos dados.","CE: 1, 2, 3 e 6
  CG: 7 e 10","EF08MA23
EF08MA24","Obter os valores de medidas de tendência central de uma pesquisa estatística (média, moda e mediana) com a compreensão de seus significados e relacioná-los com a dispersão de dados, indicada pela amplitude implica em compreender que as medidas de tendência central correspondem aos valores que representam, de alguma forma, todos os valores de um conjunto de dados. A média aritmética é obtida somando-se todos os dados encontrados e dividindo-se o resultado pela quantidade de números somados; a moda é o valor que aparece o maior número de vezes entre todos os valores encontrados; a mediana é a medida que indica exatamente o valor central de um conjunto de dados quando organizados em ordem crescente ou decrescente."
EF08MA26,Ensino Fundamental,08,,Matemática,26,"Selecionar razões, de diferentes naturezas (física, ética ou econômica), que justificam a realização de pesquisas amostrais e não censitárias, e reconhecer que a seleção da amostra pode ser feita de diferentes maneiras (amostra casual simples, sistemática e estratificada).",Probabilidade e estatística,Planejamento e execução de pesquisa amostral,,,,,,,
EF08MA27,Ensino Fundamental,08,,Matemática,27,"Planejar e executar pesquisa amostral, selecionando uma técnica de amostragem adequada, e escrever relatório que contenha os gráficos apropriados para representar os conjuntos de dados, destacando aspectos como as medidas de tendência central, a amplitude e as conclusões.",Probabilidade e estatística,Planejamento e execução de pesquisa amostral,,,,,,,
EF09CI01,Ensino Fundamental,09,,Ciências,01,Investigar as mudanças de estado físico da matéria e explicar essas transformações com base no modelo de constituição submicroscópica.,Matéria e energia,Aspectos quantitativos das transformações químicas,sim,AF,EF05CI02,"• Utilizar modelos para descrever a estrutura da matéria e explicar as mudanças de estado físico.
• Reconhecer as contribuições dos modelos atômicos de Dalton, Thomson, Rutherford e Bohr para o estudo da estrutura atômica.
• Justificar transformações de estado com base na estrutura atômica e molecular da matéria.
• Elaborar procedimentos de investigação para analisar as transformações físicas (mudança de estado) da matéria.","CE: 2, 3 e 5
CG: 2",EF09CI02 e EF09CI03,"Os estudantes devem identificar as propriedades da matéria em relação ao comportamento dos átomos e moléculas e reconhecer a existência de espaços vazios entre elas, bem como as alterações provocadas pela temperatura. Pode-se solicitar ao aluno identificação das propriedades dos materiais envolvidos nas mudanças investigadas. Deve-se valorizar o registro das atividades investigativas, estimulando a interpretação de dados para levantar e desenvolver hipóteses sobre a aplicação de determinados processos na solução de problemas."
EF09CI02,Ensino Fundamental,09,,Ciências,02,"Comparar quantidades de reagentes e produtos envolvidos em transformações químicas, estabelecendo a proporção entre as suas massas.",Matéria e energia,Estrutura da matéria,,,,,,,
EF09CI03,Ensino Fundamental,09,,Ciências,03,Identificar modelos que descrevem a estrutura da matéria (constituição do átomo e composição de moléculas simples) e reconhecer sua evolução histórica.,Matéria e energia,Radiações e suas aplicações na saúde,,,,,,,
EF09CI04,Ensino Fundamental,09,,Ciências,04,Planejar e executar experimentos que evidenciem que todas as cores de luz podem ser formadas pela composição das três cores primárias da luz e que a cor de um objeto está relacionada também à cor da luz que o ilumina.,Matéria e energia,Radiações e suas aplicações na saúde,,,,,,,
EF09CI05,Ensino Fundamental,09,,Ciências,05,Investigar os principais mecanismos envolvidos na transmissão e recepção de imagem e som que revolucionaram os sistemas de comunicação humana.,Matéria e energia,Radiações e suas aplicações na saúde,,,,,,,
EF09CI06,Ensino Fundamental,09,,Ciências,06,"Classificar as radiações eletromagnéticas por suas frequências, fontes e aplicações, discutindo e avaliando as implicações de seu uso em controle remoto, telefone celular, raio X, forno de micro-ondas, fotocélulas etc.",Matéria e energia,Radiações e suas aplicações na saúde,,,,,,,
EF09CI07,Ensino Fundamental,09,,Ciências,07,"Discutir o papel do avanço tecnológico na aplicação das radiações na medicina diagnóstica (raio X, ultrassom, ressonância nuclear magnética) e no tratamento de doenças (radioterapia, cirurgia ótica a laser, infravermelho, ultravioleta etc.).",Matéria e energia,Radiações e suas aplicações na saúde,sim,AF,,"• Elaborar procedimentos para realizar experimentos de investigação que evidenciem a composição da luz e sua interação com a matéria.
• Analisar a evolução dos sistemas de geração de som e imagem utilizados em tecnologias ao longo da história da humanidade.
• Avaliar os impactos de tecnologias baseadas nas propriedades da luz e do som no campo da comunicação e da medicina.","CE: 1, 5 e 7
CG: 2, 4 e 7","EF09CI04,
EF09CI05 e
EF09CI06","A pesquisa de casos e novas tecnologias, do funcionamento e do princípio do método deve servir como forma de levantar informações para debater o tema dessa habilidade. Os alunos devem identificar, avaliar, comparar e relatar o impacto do desenvolvimento tecnológico na aplicação  das radiações eletromagnéticas na área da saúde. Deve-se considerar o tema sob perspectiva da História da Ciência, destacando suas implicações sobre a qualidade de vida."
EF09CI08,Ensino Fundamental,09,,Ciências,08,"Associar os gametas à transmissão das características hereditárias, estabelecendo relações entre ancestrais e descendentes.",Vida e evolução,Ideias evolucionistas,,,,,,,
EF09CI09,Ensino Fundamental,09,,Ciências,09,"Discutir as ideias de Mendel sobre hereditariedade (fatores hereditários, segregação, gametas, fecundação), considerando-as para resolver problemas envolvendo a transmissão de características hereditárias em diferentes organismos.",Vida e evolução,Preservação da biodiversidade,sim,AF,EF06CI06,"• Interpretar esquemas e desenhos que representem os níveis de organização da célula ao gene.
• Aplicar as ideias de Mendel e sua primeira Lei na resolução de situações-problema.
• Avaliar a importância dos avanços na área de biotecnologia em diferentes contextos.","CE: 1, 2 e 7
CG: 2, 4 e 7",EF09CI08 e EF09CI11,"Os alunos devem identificar, reconhecer, selecionar e construir argumentos sobre as leis de Mendel sobre o monoibridismo e o diibridismo. Deve-se cuidar da formação do desenvolvimento do pensamento científico, por meio da leitura e do conhecimento sobre como essas teorias foram estabelecidas. Pode-se realizar investigações em situações ilustrativas de cruzamentos, que forneçam elementos para o aluno identificar as características hereditárias em jogo, e definir os resultados, utilizando o quadro de Punnet."
EF09CI10,Ensino Fundamental,09,,Ciências,10,"Comparar as ideias evolucionistas de Lamarck e Darwin apresentadas em textos científicos e históricos, identificando semelhanças e diferenças entre essas ideias e sua importância para explicar a diversidade biológica.",Vida e evolução,Preservação da biodiversidade,,,,,,,
EF09CI11,Ensino Fundamental,09,,Ciências,11,"Discutir a evolução e a diversidade das espécies com base na atuação da seleção natural sobre as variantes de uma mesma espécie, resultantes de processo reprodutivo.",Vida e evolução,Preservação da biodiversidade,,,,,,,
EF09CI12,Ensino Fundamental,09,,Ciências,12,"Justificar a importância das unidades de conservação para a preservação da biodiversidade e do patrimônio nacional, considerando os diferentes tipos de unidades (parques, reservas e florestas nacionais), as populações humanas e as atividades a eles relacionados.",Vida e evolução,Preservação da biodiversidade,,,,,,,
EF09CI13,Ensino Fundamental,09,,Ciências,13,"Propor iniciativas individuais e coletivas para a solução de problemas ambientais da cidade ou da comunidade, com base na análise de ações de consumo consciente e de sustentabilidade bem-sucedidas.",Vida e evolução,Preservação da biodiversidade,sim,AF,EF08CI06,"• Reconhecer as diferentes dimensões do desenvolvimento sustentável (ambiental, social, cultural, econômica e política).
• Analisar as ideias propostas nas principais reuniões e conferências mundiais para a preservação do ambiente.
• Defender a importância dos modelos de desenvolvimento sustentável.
• Elaborar propostas de intervenção para problemas ambientais locais com base nos princípios da sustentabilidade.","CE: 5 e 8
CG: 9 e 10",EF09CI12,"Essa habilidade é fundamental para o desenvolvimento do tema meio ambiente e também para os ODS 11, 12 e 13. Propor significa criar campanhas, materiais de sensibilização, entre outras ações que coloquem o estudante no centro do processo criativo para a resolução de problemas ambientais, como o uso consciente da água e da energia, reciclagem e a melhoria da mobilidade, de modo a relacionar conceitos científicos sobre o tema com ações de cidadania e responsabilidade social. O aluno deve conseguir identificar soluções e modelos que possam ser replicados nos âmbitos individual e coletivo."
EF09CI14,Ensino Fundamental,09,,Ciências,14,"Descrever a composição e a estrutura do Sistema Solar (Sol, planetas rochosos, planetas gigantes gasosos e corpos menores), assim como a localização do Sistema Solar na nossa Galáxia (a Via Láctea) e dela no Universo (apenas uma galáxia dentre bilhões).",Terra e Universo,"Composição, estrutura e localização do Sistema Solar no Universo",sim,AF,,"• Comparar algumas características dos astros do Sistema Solar (distância do Sol, raio, composição da atmosfera, estado físico, temperatura).
• Esquematizar hierarquicamente e indicar as ordens de grandeza das seguintes estruturas: Sistema Solar, Via Láctea e Universo.
• Descrever a composição de planetas e corpos menores do Sistema Solar.","CE: 2 e 3
CG: 2",,"O aluno deve identificar e relatar as características físicas e químicas dos astros do Sistema Solar, reconhecendo aspectos como forma, composição da atmosfera, distância, temperatura, entre outras, para depois compará-las. Para chegar no nível descritivo, pode-se propor a realização de pesquisa e exploração de materiais de Astronomia, como simuladores digitais, vídeos e documentários. A habilidade prevê também localizar o Sistema Solar na Galáxia e no Universo."
EF09CI15,Ensino Fundamental,09,,Ciências,15,"Relacionar diferentes leituras do céu e explicações sobre a origem da Terra, do Sol ou do Sistema Solar às necessidades de distintas culturas (agricultura, caça, mito, orientação espacial e temporal etc.).",Terra e Universo,Vida humana fora da Terra,sim,AF,EF04CI11,"• Investigar como diferentes culturas se relacionam com o céu, reconhecendo que ele é fonte de diversidade de interpretações míticas.
• Reconhecer as relações que os seres humanos estabelecem entre o céu e as alterações no ambiente imediato e como elas levaram à elaboração dos calendários.
• Reconhecer como o conhecimento astronômico permitiu a elaboração de ferramentas e soluções que propiciaram o avanço de algumas atividades humanas, como agricultura e caça.","CE: 1, 2 e 3
CG: 2 e 3",EF09CI17,"Esta habilidade envolve identificar e reconhecer a influência e o uso de referências a partir do céu em diferentes culturas para responder a necessidades distintas. A pesquisa e a elaboração de linhas do tempo podem servir como forma de explorar as relações históricas da visão de universo desenvolvidas pela humanidade até os dias atuais. Pode-se propor ao aluno atividades de investigação e seleção de representações do céu, da Terra e outros elementos do Sistema Solar em relatos da cultura local, histórias, fábulas, contos, entre outros."
EF09CI16,Ensino Fundamental,09,,Ciências,16,"Selecionar argumentos sobre a viabilidade da sobrevivência humana fora da Terra, com base nas condições necessárias à vida, nas características dos planetas e nas distâncias e nos tempos envolvidos em viagens interplanetárias e interestelares.",Terra e Universo,Evolução estelar,sim,AF,EF02CI05 e EF03CI04,"• Identificar as características do planeta Terra que permitiram a ocorrência e a sustentabilidade da vida no planeta.
• Argumentar sobre quais seriam os astros candidatos a abrigar vida, tanto no contexto dos microrganismos como da vida humana.
• Formular os possíveis desafios físicos e tecnológicos no contexto da exploração espacial que seriam enfrentados para a colonização de outros astros.","CE: 2 e 5
CG: 2",EF09CI17,"Refletir sobre as condições para a manutenção da vida serve de contexto para o desenvolvimento dos ODS 14 e 15, que tratam das condições para a vida sobre a Terra e na água. De início, deve-se propor aos alunos identificar os elementos fundamentais para ocorrência na vida no planeta. Além disso,  analisar se esses elementos podem ser encontrados na zona habitável do sistema solar, a partir de informações obtidas sobre outros astros. Pode-se propor debates sobre as condições de suporte à vida em outros ambientes fora da Terra."
EF09CI17,Ensino Fundamental,09,,Ciências,17,"Analisar o ciclo evolutivo do Sol (nascimento, vida e morte) baseado no conhecimento das etapas de evolução de estrelas de diferentes dimensões e os efeitos desse processo no nosso planeta.",Terra e Universo,Evolução estelar,,,,,,,
EF09ER01,Ensino Fundamental,09,,Ensino Religioso,01,Analisar princípios e orientações para o cuidado da vida e nas diversas tradições religiosas e filosofias de vida.,Crenças religiosas e filosofias de vida,Imanência e transcendência,,,,,,,
EF09ER02,Ensino Fundamental,09,,Ensino Religioso,02,"Discutir as diferentes expressões de valorização e de desrespeito à vida, por meio da análise de matérias nas diferentes mídias.",Crenças religiosas e filosofias de vida,Imanência e transcendência,,,,,,,
EF09ER03,Ensino Fundamental,09,,Ensino Religioso,03,"Identificar sentidos do viver e do morrer em diferentes tradições religiosas, através do estudo de mitos fundantes.",Crenças religiosas e filosofias de vida,Vida e morte,,,,,,,
EF09ER04,Ensino Fundamental,09,,Ensino Religioso,04,"Identificar concepções de vida e morte em diferentes tradições religiosas e filosofias de vida, por meio da análise de diferentes ritos fúnebres.",Crenças religiosas e filosofias de vida,Vida e morte,,,,,,,
EF09ER05,Ensino Fundamental,09,,Ensino Religioso,05,"Analisar as diferentes ideias de imortalidade elaboradas pelas tradições religiosas (ancestralidade, reencarnação, transmigração e ressurreição).",Crenças religiosas e filosofias de vida,Vida e morte,,,,,,,
EF09ER06,Ensino Fundamental,09,,Ensino Religioso,06,Reconhecer a coexistência como uma atitude ética de respeito à vida e à dignidade humana.,Crenças religiosas e filosofias de vida,Princípios e valores éticos,,,,,,,
EF09ER07,Ensino Fundamental,09,,Ensino Religioso,07,"Identificar princípios éticos (familiares, religiosos e culturais) que possam alicerçar a construção de projetos de vida.",Crenças religiosas e filosofias de vida,Princípios e valores éticos,,,,,,,
EF09ER08,Ensino Fundamental,09,,Ensino Religioso,08,Construir projetos de vida assentados em princípios e valores éticos.,Crenças religiosas e filosofias de vida,Princípios e valores éticos,,,,,,,
EF09GE01,Ensino Fundamental,09,,Geografia,01,"Analisar criticamente de que forma a hegemonia europeia foi exercida em várias regiões do planeta, notadamente em situações de conflito, intervenções militares e/ou influência cultural em diferentes tempos e lugares.",O sujeito e seu lugar no mundo,"A hegemonia europeia na economia, na política e na cultura",,,,,,,
EF09GE02,Ensino Fundamental,09,,Geografia,02,"Analisar a atuação das corporações internacionais e das organizações econômicas mundiais na vida da população em relação ao consumo, à cultura e à mobilidade.",O sujeito e seu lugar no mundo,Corporações e organismos internacionais,sim,AF,"EF08GE06 e
EF09GE05","• Reconhecer o papel central das empresas transnacionais na globalização, identificando o que são e principais estratégias de atuação.
• Explicar objetivos e principais desafios atuais que alguns blocos econômicos da Europa, da Ásia e da Oceania enfrentam.
• Avaliar criticamente exemplos de atuação de corporações internacionais e organizações econômicas internacionais na vida da população.","CG: 1, 2 e 7
CE: 3 e 5
CA: 2, 6 e 7","AC:
- EF09GE11: amplia o conhecimento da AF.
AF:
- EF09GE14: pode ser desenvolvida junto à AF.","Sugere-se trabalhar essa habilidade depois de promover a discussão sobre a globalização e suas características. Importa analisar a lógica territorial de atuação das empresas transnacionais e organizações econômicas no atual período e as consequências  dessa atuação.  Em relação às empresas transnacionais, vale propor atividades de identificação de fatores que contribuem para que grande parte dessas empresas que tem sede em países desenvolvidos, estabeleçam filiais em países em desenvolvimento (fatores como o acesso à matéria-prima e a novos mercados consumidores, valor do solo, impostos e da mão de obra e as legislações trabalhistas e ambientais mais brandas). Muitas delas são responsáveis por grandes investimentos em pesquisa e tecnologia e vêm impactando em transformações significativas no mundo do trabalho. Avaliar como tais empresas transnacionais se organizam globalmente,  permite  desenvolver o raciocínio geográfico da ordem. Em relação às organizações econômicas, importa analisar seus objetivos e desafios. Vale abordar os Blocos Econômicos que atuam na Europa, Ásia e Oceania, como União Europeia, APEC, ASEAN, CEI, entre outros). Muitos desses blocos estão redefinindo suas estratégias  geopolíticas e econômicas (a exemplo da União Europeia com o Brexit). Essa habilidade permite aproximação com o ODS 17."
EF09GE03,Ensino Fundamental,09,,Geografia,03,"Identificar diferentes manifestações culturais de minorias étnicas como forma de compreender a multiplicidade cultural na escala mundial, defendendo o princípio do respeito às diferenças.",O sujeito e seu lugar no mundo,As manifestações culturais na formação populacional,,,,,,,
EF09GE04,Ensino Fundamental,09,,Geografia,04,"Relacionar diferenças de paisagens aos modos de viver de diferentes povos na Europa, Ásia e Oceania, valorizando identidades e interculturalidades regionais.",O sujeito e seu lugar no mundo,As manifestações culturais na formação populacional,,,,,,,
EF09GE05,Ensino Fundamental,09,,Geografia,05,"Analisar fatos e situações para compreender a integração mundial (econômica, política e cultural), comparando as diferentes interpretações: globalização e mundialização.",Conexões e escalas,Integração mundial e suas interpretações: globalização e mundialização,sim,AF,EF08GE08,"• Contrapor os conceitos de globalização e mundialização, a fim de analisar características da ordem mundial atual.
• Analisar razões do aumento significativo dos fluxos de mercadorias, finanças, informações e pessoas na globalização.","CG: 1 e 2
CE: 2, 3 e 5
CA: 2, 6 e 7","AC:
- EF09GE12: amplia o conhecimento da AF.
- EF09GE13: amplia o conhecimento da AF.
AF:
- EF09GE14: pode ser desenvolvida junto à AF.","Sugere-se iniciar o desenvolvimento dessa habilidade procurando diferenciar as interpretações dadas aos conceitos de globalização e mundialização, analisando o que diferencia o momento atual de integração mundial de outros momentos. Importa propor atividades que levem o estudante a reconhecer que a globalização se estabelece em redes e se ampara no contexto da revolução técnico-científica. Daí se mostra como resultado de um período com um aumento sem precedentes dos fluxos de mercadorias, finanças, informações e pessoas, que traz aspectos tanto positivos como negativos. Em relação aos fluxos de mercadorias pode-se propor atividades que levem o estudante a estabelecer relações entre o crescimento desse fluxo  e o desenvolvimento dos setores de comunicação e transporte. Já em relação aos fluxos de informação, vale focar-se nos avanços técnicos como satélites de comunicação e cabos de fibra ótica. Em relação aos fluxos financeiros, pode-se enfatizar os bancos internacionais, as bolsas de valores e os paraísos fiscais. (Pode-se destacar ainda a importância dos produtos agropecuários no mercado internacional de commodities nas Bolsas de Mercado Futuro). Por fim, com relação ao  fluxo de pessoas, é importante trabalhar com os fluxos relacionados ao turismo e às migrações internacionais (voluntárias e forçadas)."
EF09GE06,Ensino Fundamental,09,,Geografia,06,Associar o critério de divisão do mundo em Ocidente e Oriente com o Sistema Colonial implantado pelas potências europeias.,Conexões e escalas,A divisão do mundo em Ocidente e Oriente,sim,AF,EF08GE05,"• Reconhecer que alguns países do mundo exercem domínio (militar, político, econômico ou cultural) sobre outros.
• Analisar diferentes tipos de regionalização do mundo por critérios históricos, políticos e econômicos.","CG: 1 e 2
CE: 3 e 5
CA: 2, 6 e 7","AF:
- EF09GE01: pode ser desenvolvida junto à AF.
AC:
- EF09GE15: pode ser desenvolvida junto à AF.","Sugere-se abordar essa habilidade ainda no início do curso do 9º ano, visto que ela possibilita que se trabalhe com a análise ampla do que é a geopolítica (linha de trabalho que marca o currículo do ano) e das diferentes formas que os Estados nacionais podem exercer influência militar, política, econômica e cultural sobre países e regiões do planeta. Ao retomar o conceito de regionalização, os estudantes podem identificar de que forma a Geografia analisa as dinâmicas de poder no mundo. Nesse sentido, importante propor  atividades que permitam comparar diferentes critérios de regionalização mundiais, a fim de evidenciar que tais critérios são sempre imprecisos e devem ser analisados considerando seu contexto ideológico, político, econômico e histórico. Sugere-se incluir atividades que enfoquem a regionalização do mundo sobre os critérios de Ocidente e Oriente, considerando as colônias e as zonas de influência criadas pelas potências europeias. Outras formas de regionalização  que podem ser trabalhadas são: Primeiro, Segundo e Terceiro Mundo; países desenvolvidos e em desenvolvimento; e Norte e Sul."
EF09GE07,Ensino Fundamental,09,,Geografia,07,Analisar os componentes físico-naturais da Eurásia e os determinantes histórico-geográficos de sua divisão em Europa e Ásia.,Conexões e escalas,"Intercâmbios históricos e culturais entre Europa, Ásia e Oceania",,,,,,,
EF09GE08,Ensino Fundamental,09,,Geografia,08,"Analisar transformações territoriais, considerando o movimento de fronteiras, tensões, conflitos e múltiplas regionalidades na Europa, na Ásia e na Oceania.",Conexões e escalas,"Intercâmbios históricos e culturais entre Europa, Ásia e Oceania",sim,AF,"EF08GE05,  EF09GE09 e EF09GE17","• Analisar alguns conflitos político-territoriais que colocam em risco a paz e a segurança de populações na Ásia, na Europa e na Oceania, identificando suas razões e consequências.
• Caracterizar as culturas de povos que lutam pela criação de um território independente ou que constituem minorias étnicas e religiosas, analisando as razões da repressão por parte dos governos locais de países da Europa, da Ásia e da Oceania.","CG: 1 e 2
CE: 1, 2, 3 e 5
CA: 1, 2 e 7","AC:
- EF09GE01: amplia o conhecimento da AF.
- EF09GE03: pode ser desenvolvida junto à AF.
AF:
- EF09GE14: pode ser desenvolvida junto à AF.
- EF09HI08: amplia o conhecimento da AF.
- EF09HI14: amplia o conhecimento da AF.","O estudo dos grandes conflitos mundiais recentes e atuais, permite abordar polarizações ideológicas e diversas disputas político-econômicas que possibilitaram relações de dominação e exploração de povos, sociedades e países. O desenvolvimento dessa habilidade permite ao estudante compreender as razões do movimento de fronteiras, as tensões, e as múltiplas regionalidades na Europa, na Ásia e na Oceania, presentes ainda hoje. Pode-se trabalhar com conflitos relacionados aos movimentos da Primavera Árabe, Conflito Árabe Israelense,  Ucrânia/Rússia, Índia/Paquistão, tensões internas na China em Hong Kong e Taiwan, entre outros. Com relação às minorias étnicas pode-se estudar casos dos curdos, catalões, tibetanos, rohingyas, entre outros.
É possível desenvolver um trabalho conjunto com o componente História com relação aos movimentos de resistência das chamadas “minorias” étnicas, que lutam por autonomia de seu território (ver EF09HI08 e EF09HI14)."
EF09GE09,Ensino Fundamental,09,,Geografia,09,"Analisar características de países e grupos de países europeus, asiáticos e da Oceania em seus aspectos populacionais, urbanos, políticos e econômicos, e discutir suas desigualdades sociais e econômicas e pressões sobre seus ambientes físico-naturais.",Conexões e escalas,"Intercâmbios históricos e culturais entre Europa, Ásia e Oceania",sim,AF,EF08GE20 e EF09GE17,"• Analisar dados demográficos e socioeconômicos de países da Europa, da Ásia e da Oceania.
• Comparar indicadores socioeconômicos de países da Europa, da Ásia e da Oceania, refletindo sobre as desigualdades socioespaciais.
• Analisar impactos do processo de industrialização na produção e circulação de produtos e culturas na Europa, na Ásia e na Oceania.
• Analisar formas de exploração e uso dos recursos naturais em países da Europa, na Ásia e na Oceania.","CG: 1, 2 e 7
CE: 1, 3 e 5
CA: 1, 2, 4 e 7","AC:
- EF09GE10: pode ser desenvolvida junto à AF.
AF:
- EF09GE15: pode ser desenvolvida junto à AF.","O desenvolvimento dessa habilidade requer a conexão de informações geográficas de naturezas distintas (populacionais, econômicas, culturais). Nesse trabalho, vale realizar a comparação de indicadores socioeconômicos (como o IDH) verificando uma realidade bem distinta entre os continentes. Também é interessante analisar dados relacionados à indústria, considerando que muitos países europeus têm uma posição econômica privilegiada decorrente de sua pioneira e intensa industrialização e do desenvolvimento de seus polos tecnológicos. Já na Ásia, se destacam o Japão, a China e o conjunto de países denominados Tigres Asiáticos.  Em relação à pressão sobre os ambientes físico-naturais, a Europa, diante da escassez e da devastação de muitos de seus recursos naturais e da dependência externa de energia, revela-se hoje como o continente com o maior número de países que vêm investindo em preservação ambiental e no uso de energias renováveis.  No caso da Ásia, a numerosa população em grande parte dos países tem imposto uma série de desafios relacionados às grandes aglomerações urbanas e à  preservação dos recursos naturais. Essa habilidade permite abordar o ODS 10."
EF09GE10,Ensino Fundamental,09,,Geografia,10,"Analisar os impactos do processo de industrialização na produção e circulação de produtos e culturas na Europa, na Ásia e na Oceania.",Mundo do trabalho,Transformações do espaço na sociedade urbano-industrial,,,,,,,
EF09GE11,Ensino Fundamental,09,,Geografia,11,Relacionar as mudanças técnicas e científicas decorrentes do processo de industrialização com as transformações no trabalho em diferentes regiões do mundo e suas consequências no Brasil.,Mundo do trabalho,Transformações do espaço na sociedade urbano-industrial,,,,,,,
EF09GE12,Ensino Fundamental,09,,Geografia,12,"Relacionar o processo de urbanização às transformações da produção agropecuária, à expansão do desemprego estrutural e ao papel crescente do capital financeiro em diferentes países, com destaque para o Brasil.",Mundo do trabalho,Cadeias industriais e inovação no uso dos recursos naturais e matérias-primas,,,,,,,
EF09GE13,Ensino Fundamental,09,,Geografia,13,Analisar a importância da produção agropecuária na sociedade urbano-industrial ante o problema da desigualdade mundial de acesso aos recursos alimentares e à matéria-prima.,Mundo do trabalho,Cadeias industriais e inovação no uso dos recursos naturais e matérias-primas,,,,,,,
EF09GE14,Ensino Fundamental,09,,Geografia,14,"Elaborar e interpretar gráficos de barras e de setores, mapas temáticos e esquemáticos (croquis) e anamorfoses geográficas para analisar, sintetizar e apresentar dados e informações sobre diversidade, diferenças e desigualdades sociopolíticas e geopolíticas mundiais.",Formas de representação e pensamento espacial,"Leitura e elaboração de mapas temáticos, croquis e outras formas de representação para analisar informações geográficas",sim,AF/AC,"EF08GE18 e
EF08GE19","• Identificar as áreas de concentração dos fluxos de mercadorias, informações, finanças e pessoas no mundo, assim como das sedes das maiores empresas multinacionais por meio da interpretação e da elaboração de gráficos, mapas temáticos, mapas esquemáticos e anamorfoses.
• Interpretar e/ou elaborar gráficos, mapas temáticos e anamorfoses relacionados a dados socioeconômicos de diversos países da Ásia, da Europa e da Oceania.
• Interpretar e/ou elaborar gráficos e mapas temáticos, relativos a diversos conflitos político-territoriais na  Ásia, da Europa e da Oceania.","CG: 1, 4 e 5
CE: 3 e 5
CA: 2 e 7","AF:
- EF09GE02: pode ser desenvolvida junto à AF.
- EF09GE05: pode ser desenvolvida junto à AF.
- EF09GE08: pode ser desenvolvida junto à AF.
- EF09GE09: pode ser desenvolvida junto à AF.","O desenvolvimento dessa habilidade relacionada à alfabetização cartográfica deve ser realizado juntamente com as habilidades relativas à alfabetização geográfica, visto que a cartografia é uma ferramenta importante para as análises espaciais e o desenvolvimento do raciocínio geográfico. Tal habilidade segue voltada para a leitura e a interpretação de mapas temáticos e esquemáticos, anamorfoses e representações de informações geográficas a partir de gráficos, tabelas, esquemas, com foco maior em temas relacionados à Europa, Ásia e Oceania. Recomenda-se colocar o estudante em contato com diversos instrumentos de análise cartográfica sobre um mesmo tema, a fim de ampliar o seu repertório sobre diferentes formas de representação espacial."
EF09GE15,Ensino Fundamental,09,,Geografia,15,"Comparar e classificar diferentes regiões do mundo com base em informações populacionais, econômicas e socioambientais representadas em mapas temáticos e com diferentes projeções cartográficas.",Formas de representação e pensamento espacial,"Leitura e elaboração de mapas temáticos, croquis e outras formas de representação para analisar informações geográficas",sim,AF/AC,"EF08GE18 e
EF08GE19","• Interpretar e/ou elaborar mapas temáticos relacionados às diferentes formas de regionalização do espaço mundial.
• Classificar dados demográficos e socioeconômicos  com base em mapas temáticos da Europa, da Ásia e da Oceania.
• Comparar mapas físicos (de relevo, clima, hidrografia, vegetação, domínios morfoclimáticos) da Europa, da Ásia e da Oceania.","CG: 1 e 4
CE: 3 e 5
CA: 2 e 7","AF:
- EF09GE06: pode ser desenvolvida junto à AF.
- EF09GE09: pode ser desenvolvida junto à AF.
- EF09GE17: pode ser desenvolvida junto à AF.",O desenvolvimento dessa habilidade segue voltado para a leitura e interpretação de mapas temáticos. Importa propor atividades a partir das quais o estudante deva comparar características de distintas regiões do mundo e suas respectivas regionalizações e organizações políticas e territoriais. Pressupõe o encaminhamento de atividades de leitura e elaboração de mapas temáticos com diferentes projeções cartográficas.
EF09GE16,Ensino Fundamental,09,,Geografia,16,"Identificar e comparar diferentes domínios morfoclimáticos da Europa, da Ásia e da Oceania.","Natureza, ambientes e qualidade de vida","Diversidade ambiental e as transformações nas paisagens na Europa, na Ásia e na Oceania",,,,,,,
EF09GE17,Ensino Fundamental,09,,Geografia,17,"Explicar as características físico-naturais e a forma de ocupação e usos da terra em diferentes regiões da Europa, da Ásia e da Oceania.","Natureza, ambientes e qualidade de vida","Diversidade ambiental e as transformações nas paisagens na Europa, na Ásia e na Oceania",sim,AF,EF08GE23,"• Reconhecer aspectos físico-naturais referentes ao relevo, ao clima, à vegetação e à hidrografia da Europa, da Ásia e da Oceania.
• Relacionar diferentes paisagens naturais com os modos de viver de diversos povos da Europa, da Ásia e da Oceania, valorizando identidades e interculturalidades regionais.","CG: 1 e 2
CE: 1, 3, 5 e 7
CA: 2 e 7","AC:
EF09GE04: pode ser desenvolvida junto à AF.
EF09GE07: amplia o conhecimento da AF.
EF09GE16: pode ser desenvolvida junto à AF.
AF:
EF09GE15: pode ser desenvolvida junto à AF.","Para o desenvolvimento dessa habilidade sugere-se um trabalho pedagógico a partir do conceito de domínios morfoclimáticos, a fim de enfatizar a inter-relação dos elementos naturais e favorecer a análise das transformações ocorridas na paisagem pela ocupação territorial, produção, uso da terra e diferentes modos de vida dos diversos grupos humanos. Pode-se propor atividade na qual o estudante precise identificar os limites que dividem os continentes da Europa e da Ásia no grande bloco continental Eurásia, indicando razões físico-históricas que influíram nessa divisão. Já o trabalho com diferentes paisagens naturais do continente e modos de vida, pode ser realizado com a exploração de fotos e textos literários. Essa habilidade permite aproximação com o ODS 15 e com os temas contemporâneos transversais: educação ambiental e diversidade cultural."
EF09GE18,Ensino Fundamental,09,,Geografia,18,"Identificar e analisar as cadeias industriais e de inovação e as consequências dos usos de recursos naturais e das diferentes fontes de energia (tais como termoelétrica, hidrelétrica, eólica e nuclear) em diferentes países.","Natureza, ambientes e qualidade de vida","Diversidade ambiental e as transformações nas paisagens na Europa, na Ásia e na Oceania",,,,,,,
EF09HI01,Ensino Fundamental,09,,História,01,"Descrever e contextualizar os principais aspectos sociais, culturais, econômicos e políticos da emergência da República no Brasil.",O nascimento da República no Brasil e os processos históricos até a metade do século XX,Experiências republicanas e práticas autoritárias: as tensões e disputas do mundo contemporâneo A proclamação da República e seus primeiros desdobramentos,sim,AF,EF08HI15,"• Contextualizar e identificar as principais causas e os aspectos dos movimentos sociais, culturais, políticos e econômicos na Primeira República do Brasil.
• Discutir o caráter elitista da Primeira República.
• Caracterizar os ciclos da história republicana e identificar as particularidades da história local e regional até 1954.
• Comparar a Primeira República no Brasil com a estrutura republicana contemporânea e identificar semelhanças e diferenças, rupturas e continuidades.","CG: 1 e 2
CA: 2 e 5
CE: 1","AC:
- EF09HI02: pode ser desenvolvida junto à AF.","É possível desenvolver com os estudantes trabalhos sobre o período da Primeira República, a partir dos conceitos-chave: federalismo, coronelismo, política do café com leite, política dos governadores, entre outros. Como possibilidade de atividade prática, é possível orientar a elaboração de mapas conceituais, permitindo ao estudante reconhecer e estabelecer possíveis relações entre os conceitos trabalhados na habilidade. Esse tipo de atividade também permite estabelecer comparações históricas, por exemplo, com a República atual, buscando identificar semelhanças e diferenças, assim como rupturas e continuidades."
EF09HI02,Ensino Fundamental,09,,História,02,"Caracterizar e compreender os ciclos da história republicana, identificando particularidades da história local e regional até 1954.",O nascimento da República no Brasil e os processos históricos até a metade do século XX,Experiências republicanas e práticas autoritárias: as tensões e disputas do mundo contemporâneo A proclamação da República e seus primeiros desdobramentos,,,,,,,
EF09HI03,Ensino Fundamental,09,,História,03,Identificar os mecanismos de inserção dos negros na sociedade brasileira pós-abolição e avaliar os seus resultados.,O nascimento da República no Brasil e os processos históricos até a metade do século XX,A questão da inserção dos negros no período republicano do pós-abolição Os movimentos sociais e a imprensa negra; a cultura afro-brasileira como elemento de resistência e superação das discriminações,,,,,,,
EF09HI04,Ensino Fundamental,09,,História,04,"Discutir a importância da participação da população negra na formação econômica, política e social do Brasil.",O nascimento da República no Brasil e os processos históricos até a metade do século XX,A questão da inserção dos negros no período republicano do pós-abolição Os movimentos sociais e a imprensa negra; a cultura afro-brasileira como elemento de resistência e superação das discriminações,,,,,,,
EF09HI05,Ensino Fundamental,09,,História,05,Identificar os processos de urbanização e modernização da sociedade brasileira e avaliar suas contradições e impactos na região em que vive.,O nascimento da República no Brasil e os processos históricos até a metade do século XX,Primeira República e suas características Contestações e dinâmicas da vida cultural no Brasil entre 1900 e 1930,,,,,,,
EF09HI06,Ensino Fundamental,09,,História,06,"Identificar e discutir o papel do trabalhismo como força política, social e cultural no Brasil, em diferentes escalas (nacional, regional, cidade, comunidade).",O nascimento da República no Brasil e os processos históricos até a metade do século XX,O período varguista e suas contradições A emergência da vida urbana e a segregação espacial O trabalhismo e seu protagonismo político,sim,AF,NENHUMA,"• Construir e discutir os conceitos de populismo e trabalhismo.
• Identificar e analisar os aspectos políticos do populismo varguista, analisando discursos e práticas.
• Identificar e analisar as doutrinas do trabalhismo no contexto getulista.
• Discutir o legado do populismo à sociedade brasileira e reconhecer ações, discursos e práticas políticas populistas.","CG: 1 e 2
CA: 2
CE: 1 e 3",NENHUMA,"Para além de um trabalho mais conceitual, essa habilidade possibilita desenvolver atividades que favoreçam a análise de propagandas e discursos produzidos pelo Estado varguista em parceria com o componente Língua Portuguesa. Para esse trabalho, sugerimos a análise das produções do Departamento de Imprensa e Propaganda (DIP), organizadas de acordo com o ensino híbrido, pois permite ao estudante reconhecer aspectos (caracterísiticas de linguagem, vocabulário, entre outras) do populismo e trabalhismo.
Dica de material complementar: No portal no Centro de Pesquisa e Documentação de História Contemporânea do Brasil (CPDOC), da Fundação Getulio Vargas (FGV), há diversos documentos e dossiês sobre personalidades e períodos populistas da História do Brasil. Disponível em: https://cpdoc.fgv.br/producao/dossies. (Acesso em: maio 2020.)."
EF09HI07,Ensino Fundamental,09,,História,07,"Identificar e explicar, em meio a lógicas de inclusão e exclusão, as pautas dos povos indígenas, no contexto republicano (até 1964), e das populações afrodescendentes.",O nascimento da República no Brasil e os processos históricos até a metade do século XX,A questão indígena durante a República (até 1964),,,,,,,
EF09HI08,Ensino Fundamental,09,,História,08,Identificar as transformações ocorridas no debate sobre as questões da diversidade no Brasil durante o século XX e compreender o significado das mudanças de abordagem em relação ao tema.,O nascimento da República no Brasil e os processos históricos até a metade do século XX,Anarquismo e protagonismo feminino,sim,AF,NENHUMA,"• Relacionar as conquistas de direitos políticos, sociais e civis à atuação de movimentos sociais.
• Discutir e analisar as causas da violência contra populações marginalizadas (negros, indígenas, mulheres, homossexuais, camponeses, pobres etc.) com vistas à tomada de consciência e à construção de uma cultura de paz, empatia e respeito às pessoas.
• Identificar e discutir as diversidades identitárias e seus significados históricos no início do século XXI, combatendo qualquer forma de preconceito e violência.","CG: 2, 9 e 10
CA: 1, 2 e 6
CE: 3 e 4","AC:
- EF09HI09: pode ser desenvolvida junto à AF.
- EF09HI26: pode ser desenvolvida junto à AF.
- EF09HI36: pode ser desenvolvida junto à AF.
AF:
- EF09GE08: amplia o conhecimento da AF.","É possível desenvolver atividades conjuntas com o componente Geografia, a partir da habilidade (EF09GE08), uma vez que permite ao estudante refletir e se posicionar de modo crítico-reflexivo sobre violências e preconceitos contra populações marginalizadas e minorias no Brasil e no mundo. Dessa forma, sugere-se a organização de debates ou mesas redondas, pois permite-se a pesquisa e a análise de dados e informações sobre essas questões, de modo a construir coletivamente argumentos sólidos e, também, tomar decisões responsável e socialmente éticas. Essas atividades permitem o desenvolvimento do tema contemporâneo transversal diversidade cultural e o ODS 16."
EF09HI09,Ensino Fundamental,09,,História,09,"Relacionar as conquistas de direitos políticos, sociais e civis à atuação de movimentos sociais.",O nascimento da República no Brasil e os processos históricos até a metade do século XX,Anarquismo e protagonismo feminino,,,,,,,
EF09HI10,Ensino Fundamental,09,,História,10,"Identificar e relacionar as dinâmicas do capitalismo e suas crises, os grandes conflitos mundiais e os conflitos vivenciados na Europa.",Totalitarismos e conflitos mundiais,O mundo em conflito: a Primeira Guerra Mundial A questão da Palestina A Revolução Russa A crise capitalista de 1929,sim,AF,EF08HI01 e EF08HI06,"• Identificar as especificidades e analisar os desdobramentos mundiais da Revolução Russa e seu significado histórico.
• Identificar as especificidades e analisar os desdobramentos mundiais da Primeira e da Segunda Guerras Mundiais, sob a perspectiva de uma única guerra de 31 anos.
• Analisar a crise capitalista de 1929 e seus desdobramentos em relação à economia global.
• Descrever e contextualizar os processos da emergência do fascismo e do nazismo, a consolidação dos estados totalitários e as práticas de extermínio, como o holocausto.","CG: 2, 9 e 10
CA: 2 e 5
CE: 1 e 2","AC:
- EF09HI11: pode ser desenvolvida junto à AF.
- EF09HI12: pode ser desenvolvida junto à AF.
- EF09HI13: pode ser desenvolvida junto à AF.","Essa habilidade permite desenvolver análises das principais crises e conflitos políticos, econômicos e ideológicos do século XX. Como possibilidade de atividade prática, é possível organizar um rodízio de debates ou de mesas temáticas, em que o estudante poderá conhecer e relacionar todos os processos e conflitos estudados. As mesas poderão ser compostas com materias complementares, como: documentos, imagens e fotografias, relatos e memórias, permitindo ao estudante conhecer diferentes pontos de vista sobre os processos analisados. É possível propor, como procedimento de sistematização, a construção de mapas conceituais (com conceitos-chave), em que o estudante poderá estabelecer relações de causalidade entre os conflitos e as crises circunscritos no recorte temporal 1914-1945. Ademais, há alguns filmes e documentários sobre o período em questão, permitindo enriquecer discussões e ampliar as reflexões.
(ATENÇÃO: A abordagem que compreende as duas guerras mundiais como sendo apenas um conflito de 31 anos é do historiador Eric Hobsbawm, apresentada no livro A Era dos Extremos: o breve século XX (1914-1991).)"
EF09HI11,Ensino Fundamental,09,,História,11,Identificar as especificidades e os desdobramentos mundiais da Revolução Russa e seu significado histórico.,Totalitarismos e conflitos mundiais,O mundo em conflito: a Primeira Guerra Mundial A questão da Palestina A Revolução Russa A crise capitalista de 1929,,,,,,,
EF09HI12,Ensino Fundamental,09,,História,12,Analisar a crise capitalista de 1929 e seus desdobramentos em relação à economia global.,Totalitarismos e conflitos mundiais,O mundo em conflito: a Primeira Guerra Mundial A questão da Palestina A Revolução Russa A crise capitalista de 1929,,,,,,,
EF09HI13,Ensino Fundamental,09,,História,13,"Descrever e contextualizar os processos da emergência do fascismo e do nazismo, a consolidação dos estados totalitários e as práticas de extermínio (como o holocausto).",Totalitarismos e conflitos mundiais,A emergência do fascismo e do nazismo A Segunda Guerra Mundial Judeus e outras vítimas do holocausto,,,,,,,
EF09HI14,Ensino Fundamental,09,,História,14,Caracterizar e discutir as dinâmicas do colonialismo no continente africano e asiático e as lógicas de resistência das populações locais diante das questões internacionais.,Totalitarismos e conflitos mundiais,"As guerras mundiais, a crise do colonialismo e o advento dos nacionalismos africanos e asiáticos",sim,AF,"EF07HI02, EF07HI13 e EF08HI23","• Conhecer a crise do colonialismo e o advento dos nacionalismos africanos e asiáticos.
• Reconhecer o pan-africanismo como movimento de resistência.
• Descrever e avaliar os processos de descolonização na África e na Ásia.","CG: 1, 2 e 9
CA: 1 e 2
CE: 1, 3 e 4","AC:
- EF09HI31: pode ser desenvolvida junto à AF.
AF:
- EF09GE08: amplia o conhecimento da AF.","Há a possibilidade de realizar um trabalho conjunto com o componente Geografia, levando-se em conta a habilidade (EF09GE08). Pode-se propor atividades que permitam ao estudante analisar movimentos de resistência das chamadas “minorias” étnicas, que lutam por autonomia de seu território (por exemplo, o caso dos curdos, dos bascos, dos catalães, dos chechenos e dos povos aborígenes australianos). Como possibilidade de atividade prática, é possível orientar a produção de roteiros para/e minidocumentários, em que o estudante, com o uso de elementos audiovisuais, poderá analisar a luta de determinadas minorias étnicas e evidenciar conflitos e impasses políticos para a conquista da autonomia de seus territórios."
EF09HI15,Ensino Fundamental,09,,História,15,Discutir as motivações que levaram à criação da Organização das Nações Unidas (ONU) no contexto do pós-guerra e os propósitos dessa organização.,Totalitarismos e conflitos mundiais,A Organização das Nações Unidas (ONU) e a questão dos Direitos Humanos,,,,,,,
EF09HI16,Ensino Fundamental,09,,História,16,"Relacionar a Carta dos Direitos Humanos ao processo de afirmação dos direitos fundamentais e de defesa da dignidade humana, valorizando as instituições voltadas para a defesa desses direitos e para a identificação dos agentes responsáveis por sua violação.",Totalitarismos e conflitos mundiais,A Organização das Nações Unidas (ONU) e a questão dos Direitos Humanos,,,,,,,
EF09HI17,Ensino Fundamental,09,,História,17,"Identificar e analisar processos sociais, econômicos, culturais e políticos do Brasil a partir de 1946.","Modernização, ditadura civil-militar e redemocratização: o Brasil após 1946",O Brasil da era JK e o ideal de uma nação moderna: a urbanização e seus desdobramentos em um país em transformação,,,,,,,
EF09HI18,Ensino Fundamental,09,,História,18,Descrever e analisar as relações entre as transformações urbanas e seus impactos na cultura brasileira entre 1946 e 1964 e na produção das desigualdades regionais e sociais.,"Modernização, ditadura civil-militar e redemocratização: o Brasil após 1946",O Brasil da era JK e o ideal de uma nação moderna: a urbanização e seus desdobramentos em um país em transformação,,,,,,,
EF09HI19,Ensino Fundamental,09,,História,19,Identificar e compreender o processo que resultou na ditadura civil-militar no Brasil e discutir a emergência de questões relacionadas à memória e à justiça sobre os casos de violação dos direitos humanos.,"Modernização, ditadura civil-militar e redemocratização: o Brasil após 1946",A ditadura civil-militar e os processos de resistência,sim,AF,EF09HI10,"• Identificar os interesses políticos e sociais que o motivaram, analisando os argumentos utilizados para justificar o golpe e a implantação de uma ditadura civil-militar no Brasil.
• Descrever o papel dos Estados Unidos na implementação de ditaduras na América Latina, a partir da análise da Operação Condor e a Operação Brother Sam.
• Discutir os processos de resistência e as propostas de reorganização da sociedade brasileira durante a ditadura civil-militar.","CG: 2, 9 e 10
CA: 2, 5 e 6
CE: 3 e 4","AC:
- EF09HI20: pode ser desenvolvida junto à AF.","Considerou-se a habilidade (EF09HI10) como conhecimento prévio, pois esta propõe o desenvolvimento do trabalho sobre concepções autoritárias de poder (nazismo e fascismo), favorecendo a compreensão sobre regimes e governos ditatoriais. Como possibilidade de atividade prática, é possível propor uma reflexão ao estudante sobre o período, a partir da utilização de materiais complementares, tais como os documentários “Um dia que durou 21 anos” e “Operação Condor”, uma vez que apresentam as interferências dos EUA no processo de golpe e consolidação de ditaduras militares, no Brasil e em outros países latino-americanos. Essa atividade permite ao estudante identificar os diferentes argumentos utilizados por sujeitos e grupos distintos para justificar e/ou contestar o golpe militar no Brasil na década de 1960. É possível também organizar análises e reflexões sobre a concepção que interpreta o processo de golpe militar como sendo uma revolução, organizado por um grupo de militares, que ganha maior projeção no atual contexto de pós-verdade (primeira década do século XXI)."
EF09HI20,Ensino Fundamental,09,,História,20,Discutir os processos de resistência e as propostas de reorganização da sociedade brasileira durante a ditadura civil-militar.,"Modernização, ditadura civil-militar e redemocratização: o Brasil após 1946",As questões indígena e negra e a ditadura,,,,,,,
EF09HI21,Ensino Fundamental,09,,História,21,Identificar e relacionar as demandas indígenas e quilombolas como forma de contestação ao modelo desenvolvimentista da ditadura.,"Modernização, ditadura civil-militar e redemocratização: o Brasil após 1946",As questões indígena e negra e a ditadura,,,,,,,
EF09HI22,Ensino Fundamental,09,,História,22,Discutir o papel da mobilização da sociedade brasileira do final do período ditatorial até a Constituição de 1988.,"Modernização, ditadura civil-militar e redemocratização: o Brasil após 1946","A Constituição de 1988 e a emancipação das cidadanias (analfabetos, indígenas, negros, jovens etc.)",,,,,,,
EF09HI23,Ensino Fundamental,09,,História,23,"Identificar direitos civis, políticos e sociais expressos na Constituição de 1988 e relacioná-los à noção de cidadania e ao pacto da sociedade brasileira de combate a diversas formas de preconceito, como o racismo.","Modernização, ditadura civil-militar e redemocratização: o Brasil após 1946","A Constituição de 1988 e a emancipação das cidadanias (analfabetos, indígenas, negros, jovens etc.)",,,,,,,
EF09HI24,Ensino Fundamental,09,,História,24,"Analisar as transformações políticas, econômicas, sociais e culturais de 1989 aos dias atuais, identificando questões prioritárias para a promoção da cidadania e dos valores democráticos.","Modernização, ditadura civil-militar e redemocratização: o Brasil após 1946","A história recente do Brasil: transformações políticas, econômicas, sociais e culturais de 1989 aos dias atuais",,,,,,,
EF09HI25,Ensino Fundamental,09,,História,25,Relacionar as transformações da sociedade brasileira aos protagonismos da sociedade civil após 1989.,"Modernização, ditadura civil-militar e redemocratização: o Brasil após 1946",A questão da violência contra populações marginalizadas,,,,,,,
EF09HI26,Ensino Fundamental,09,,História,26,"Discutir e analisar as causas da violência contra populações marginalizadas (negros, indígenas, mulheres, homossexuais, camponeses, pobres etc.) com vistas à tomada de consciência e à construção de uma cultura de paz, empatia e respeito às pessoas.","Modernização, ditadura civil-militar e redemocratização: o Brasil após 1946",O Brasil e suas relações internacionais na era da globalização,,,,,,,
EF09HI27,Ensino Fundamental,09,,História,27,"Relacionar aspectos das mudanças econômicas, culturais e sociais ocorridas no Brasil a partir da década de 1990 ao papel do País no cenário internacional na era da globalização.","Modernização, ditadura civil-militar e redemocratização: o Brasil após 1946",O Brasil e suas relações internacionais na era da globalização,,,,,,,
EF09HI28,Ensino Fundamental,09,,História,28,"Identificar e analisar aspectos da Guerra Fria, seus principais conflitos e as tensões geopolíticas no interior dos blocos liderados por soviéticos e estadunidenses.",A história recente,A Guerra Fria: confrontos de dois modelos políticos,,,,,,,
EF09HI29,Ensino Fundamental,09,,História,29,"Descrever e analisar as experiências ditatoriais na América Latina, seus procedimentos e vínculos com o poder, em nível nacional e internacional, e a atuação de movimentos de contestação às ditaduras.",A história recente,As experiências ditatoriais na América Latina,,,,,,,
EF09HI30,Ensino Fundamental,09,,História,30,"Comparar as características dos regimes ditatoriais latino-americanos, com especial atenção para a censura política, a opressão e o uso da força, bem como para as reformas econômicas e sociais e seus impactos.",A história recente,As experiências ditatoriais na América Latina,,,,,,,
EF09HI31,Ensino Fundamental,09,,História,31,Descrever e avaliar os processos de descolonização na África e na Ásia.,A história recente,Os processos de descolonização na África e na Ásia,,,,,,,
EF09HI32,Ensino Fundamental,09,,História,32,"Analisar mudanças e permanências associadas ao processo de globalização, considerando os argumentos dos movimentos críticos às políticas globais.",A história recente,O fim da Guerra Fria e o processo de globalização,,,,,,,
EF09HI33,Ensino Fundamental,09,,História,33,Analisar as transformações nas relações políticas locais e globais geradas pelo desenvolvimento das tecnologias digitais de informação e comunicação.,A história recente,Políticas econômicas na América Latina,,,,,,,
EF09HI34,Ensino Fundamental,09,,História,34,"Discutir as motivações da adoção de diferentes políticas econômicas na América Latina, assim como seus impactos sociais nos países da região.",A história recente,Políticas econômicas na América Latina,,,,,,,
EF09HI35,Ensino Fundamental,09,,História,35,"Analisar os aspectos relacionados ao fenômeno do terrorismo na contemporaneidade, incluindo os movimentos migratórios e os choques entre diferentes grupos e culturas.",A história recente,Os conflitos do século XXI e a questão do terrorismo,,,,,,,
EF09HI36,Ensino Fundamental,09,,História,36,"Identificar e discutir as diversidades identitárias e seus significados históricos no início do século XXI, combatendo qualquer forma de preconceito e violência.",A história recente,"As pautas dos povos indígenas no século XXI e suas formas de inserção no debate local, regional, nacional e internacional",,,,,,,
EF09LI01,Ensino Fundamental,09,,Língua Inglesa,01,"Fazer uso da língua inglesa para expor pontos de vista, argumentos e contra-argumentos, considerando o contexto e os recursos linguísticos voltados para a eficácia da comunicação.",Interação discursiva,Funções e usos da língua inglesa: persuasão,,,,,,,
EF09LI02,Ensino Fundamental,09,,Língua Inglesa,02,Compilar as ideias-chave de textos por meio de tomada de notas.,Compreensão oral,"Compreensão de textos orais, multimodais, de cunho argumentativo",,,,,,,
EF09LI03,Ensino Fundamental,09,,Língua Inglesa,03,Analisar posicionamentos defendidos e refutados em textos orais sobre temas de interesse social e coletivo.,Compreensão oral,"Compreensão de textos orais, multimodais, de cunho argumentativo",,,,,,,
EF09LI04,Ensino Fundamental,09,,Língua Inglesa,04,"Expor resultados de pesquisa ou estudo com o apoio de recursos, tais como notas, gráficos, tabelas, entre outros, adequando as estratégias de construção do texto oral aos objetivos de comunicação e ao contexto.",Produção oral,Produção de textos orais com autonomia,,,,,,,
EF09LI05,Ensino Fundamental,09,,Língua Inglesa,05,"Identificar recursos de persuasão (escolha e jogo de palavras, uso de cores e imagens, tamanho de letras), utilizados nos textos publicitários e de propaganda, como elementos de convencimento.",Estratégias de leitura,Recursos de persuasão,,,,,,,
EF09LI06,Ensino Fundamental,09,,Língua Inglesa,06,Distinguir fatos de opiniões em textos argumentativos da esfera jornalística.,Estratégias de leitura,Recursos de argumentação,,,,,,,
EF09LI07,Ensino Fundamental,09,,Língua Inglesa,07,Identificar argumentos principais e as evidências/exemplos que os sustentam.,Estratégias de leitura,Recursos de argumentação,,,,,,,
EF09LI08,Ensino Fundamental,09,,Língua Inglesa,08,"Explorar ambientes virtuais de informação e socialização, analisando a qualidade e a validade das informações veiculadas.",Práticas de leitura e novas tecnologias,Informações em ambientes virtuais,,,,,,,
EF09LI09,Ensino Fundamental,09,,Língua Inglesa,09,"Compartilhar, com os colegas, a leitura dos textos escritos pelo grupo, valorizando os diferentes pontos de vista defendidos, com ética e respeito.",Avaliação dos textos lidos,Reflexão pós-leitura,,,,,,,
EF09LI10,Ensino Fundamental,09,,Língua Inglesa,10,"Propor potenciais argumentos para expor e defender ponto de vista em texto escrito, refletindo sobre o tema proposto e pesquisando dados, evidências e exemplos para sustentar os argumentos, organizando-os em sequência lógica.",Estratégias de escrita,Escrita: construção da argumentação,,,,,,,
EF09LI11,Ensino Fundamental,09,,Língua Inglesa,11,"Utilizar recursos verbais e não verbais para construção da persuasão em textos da esfera publicitária, de forma adequada ao contexto de circulação (produção e compreensão).",Estratégias de escrita,Escrita: construção da persuasão,,,,,,,
EF09LI12,Ensino Fundamental,09,,Língua Inglesa,12,"Produzir textos (infográficos, fóruns de discussão on-line, fotorreportagens, campanhas publicitárias, memes, entre outros) sobre temas de interesse coletivo local ou global, que revelem posicionamento crítico.",Práticas de escrita,"Produção de textos escritos, com mediação do professor/colegas",,,,,,,
EF09LI13,Ensino Fundamental,09,,Língua Inglesa,13,"Reconhecer, nos novos gêneros digitais (blogues, mensagens instantâneas, tweets, entre outros), novas formas de escrita (abreviação de palavras, palavras com combinação de letras e números, pictogramas, símbolos gráficos, entre outros) na constituição das mensagens.",Estudo do léxico,Usos de linguagem em meio digital: “internetês”,,,,,,,
EF09LI14,Ensino Fundamental,09,,Língua Inglesa,14,"Utilizar conectores indicadores de adição, condição, oposição, contraste, conclusão e síntese como auxiliares na construção da argumentação e intencionalidade discursiva.",Estudo do léxico,Conectores ( linking words ),,,,,,,
EF09LI15,Ensino Fundamental,09,,Língua Inglesa,15,"Empregar, de modo inteligível, as formas verbais em orações condicionais dos tipos 1 e 2 (If-clauses).",Gramática,Orações condicionais (tipos 1 e 2),,,,,,,
EF09LI16,Ensino Fundamental,09,,Língua Inglesa,16,"Empregar, de modo inteligível, os verbos should, must, have to, may e might para indicar recomendação, necessidade ou obrigação e probabilidade.",Gramática,"Verbos modais: should , must , have to , may e might",,,,,,,
EF09LI17,Ensino Fundamental,09,,Língua Inglesa,17,"Debater sobre a expansão da língua inglesa pelo mundo, em função do processo de colonização nas Américas, África, Ásia e Oceania.",A língua inglesa no mundo,Expansão da língua inglesa: contexto histórico,,,,,,,
EF09LI18,Ensino Fundamental,09,,Língua Inglesa,18,"Analisar a importância da língua inglesa para o desenvolvimento das ciências (produção, divulgação e discussão de novos conhecimentos), da economia e da política no cenário mundial.",A língua inglesa no mundo,"A língua inglesa e seu papel no intercâmbio científico, econômico e político",,,,,,,
EF09LI19,Ensino Fundamental,09,,Língua Inglesa,19,Discutir a comunicação intercultural por meio da língua inglesa como mecanismo de valorização pessoal e de construção de identidades no mundo globalizado.,Comunicação intercultural,Construção de identidades no mundo globalizado,,,,,,,
EF09LP01,Ensino Fundamental,09,,Língua Portuguesa,01,"Analisar o fenômeno da disseminação de notícias falsas nas redes sociais e desenvolver estratégias para reconhecê-las, a partir da verificação/avaliação do veículo, fonte, data e local da publicação, autoria, URL, da análise da formatação, da comparação de diferentes fontes, da consulta a sites de curadoria que atestam a fidedignidade do relato dos fatos e denunciam boatos etc.",Leitura,"Caracterização do campo jornalístico e relação entre os gêneros em circulação, mídias e práticas da cultura digital",sim,AF,"EF08LP01, EF89LP30","• Comparar notícias publicadas em redes sociais.
• Fazer curadoria de fontes e veículos de informação.
• Reconhecer a veracidade do relato dos fatos.","CG:
2, 4 e 5
CA: 2 e 6
CE: 6 e 10","EF:  EF69LP01, EF69LP03,        EF89LP02,   EF89LP07,    AF: EF09LP02,  EF89LP03, EF89LP04, EF89LP06, EF89LP14, EF89LP16      AC: EF09LP08, EF09LP11, EF89LP05, EF8929, EF89LP32","Esta habilidade trata da análise do fenômeno de disseminação de notícias falsas. Nesse sentido, apresenta uma progressão em relação à habilidades que tratam da comparação de textos e procedimentos de curadoria. Por essa razão, sugere-se que sejam propostas situações-problema em que o estudante deve comparar notícias publicadas em redes sociais e analisar aspectos, como veículo, fonte, data e local da publicação, autoria, URL etc. Além disso, os estudantes podem pesquisar sites de curadoria. A partir da identificação e no reconhecimento da veracidade dos fatos, pode-se propor que os estudantes identifiquem maneiras de denunciar possíveis fake news em sites ou ferramentas especializadas. É possível propor que os estudantes compartilhem em tabelas coletivas ou em um painel, as fake news e as estratégias usadas para identificá-las. A avaliação das aprendizagens pode ser feita por meio da observação dos registros escritos, as apresentações orais sobre as fake news ou ainda uma autoavaliação que permita que o estudantes reconheçam quais procedimentos e estratégias assimilou e quais aprendizagens ainda estão em construção."
EF09LP02,Ensino Fundamental,09,,Língua Portuguesa,02,"Analisar e comentar a cobertura da imprensa sobre fatos de relevância social, comparando diferentes enfoques por meio do uso de ferramentas de curadoria.",Leitura,Relação entre textos,sim,AF,EF07LP02 e EF08LP02,"• Comparar notícias sobre um mesmo tema.
• Reconhecer o enfoque dado ao fato por meio da análise de elementos como escolhas lexicais ou imagens escolhidas.
• Utilizar ferramentas de curadoria.","CG:  2, 4 e 5
CA: 2 e 6
CE: 6 e 10","EF: EF89LP02, EF89LP07, EF69LP03                         AF: EF09LP01 ,EF89LP03, EF89LP04, EF89LP06, EF89LP14, EF89LP16                          AC: EF09LP08, EF09LP11, EF89LP05, EF89LP29, EF89LP32","Para desenvolver essa habilidade, propõe-se que os estudantes escolham um tema amplamente noticiado. Sugere-se, então, propor análises de coberturas de eventos esportivos mundiais, conflitos nacionais ou internacionais, entre outros. Em seguida, propõe-se que os estudantes sejam expostos a diversos textos, como notícias, reportagens, vídeos, podcasts etc. que tratem do mesmo tema. Sugere-se que os estudantes sejam divididos em grupos para analisar textos diferentes ou ainda que se utilize a metodologia de leitura em quebra-cabeça em que cada membro do grupo se torna responsável por um trecho do texto. Pode-se estruturar essas análises por meio de tabelas ou diagramas e, em seguida, propor o compartilhamento dessas leituras de modo a construir um painel coletivo. Há ainda a possibilidade da construção de um glossário com as ferramentas de curadoria usadas para comparar as notícias."
EF09LP03,Ensino Fundamental,09,,Língua Portuguesa,03,"Produzir artigos de opinião, tendo em vista o contexto de produção dado, assumindo posição diante de tema polêmico, argumentando de acordo com a estrutura própria desse tipo de texto e utilizando diferentes tipos de argumentos – de autoridade, comprovação, exempliﬁcação princípio etc.",Produção de textos,Textualização de textos argumentativos e apreciativos,sim,AF,"EF67LP02, EF67LP04 e EF08LP03","• Reconhecer o contexto de produção do texto e as características do gênero.
• Posicionar-se diante de um tema.
• Selecionar tipos de argumento para defender um ponto de vista.","CG: 2, 4 e 7
CA: 2 e 4
CE: 2 e 6","EF: EF69LP18                           AF: EF89LP03, EF89LP04, EF89LP06, EF89LP14,  EF89LP16                           AC: EF09LP04,  EF09LP08, EF09LP11, EF89LP31","A habilidade pressupõe a escrita de um artigo de opinião e apresenta uma progressão em relação à habilidade EF08LP03 no que se refere ao enfoque dado à argumentação. É interessante, portanto, que o estudante tenha tido contado com o gênero, sua função social e suas características estruturais e estilísticas. Nesse sentido, é interessante articular a produção às habilidades de leitura do gênero, como EF89LP03 e EF89LP04. A partir disso, sugere-se que a produção escrita seja processual, ou seja, que tenha etapas de planejamento, produção, revisão e reescrita. O planejamento pode propor qual o destino da escrita e o público-alvo do texto, de modo a torná-lo mais significativo e contemplar o levantamento da tese e dos argumentos. Em relação à argumentação, observa-se que, no 9º ano, o foco é o uso dos argumentos. Para isso, pode-se propor uma lista de quais seriam os argumentos possíveis de acordo com o tema proposto ou que os estudantes possam pesquisar argumentos. Uma possibilidade é levantar quais critérios serão observados e deverão ser seguidos na produção. A etapa de revisão é o momento no qual o estudante consegue avançar nas suas habilidades de escrita, por essa razão sugere-se que sejam propostas estratégias de análise de trechos de textos para observar um critério específico da produção. Um exemplo possível seria mostrar trechos que apresentem problemas de coesão e solicitar que os estudantes apresentem soluções para esses problemas."
EF09LP04,Ensino Fundamental,09,,Língua Portuguesa,04,"Escrever textos corretamente, de acordo com a norma-padrão, com estruturas sintáticas complexas no nível da oração e do período.",Análise linguística/ semiótica,Fono-ortografia,,,,,,,
EF09LP05,Ensino Fundamental,09,,Língua Portuguesa,05,"Identificar, em textos lidos e em produções próprias, orações com a estrutura sujeito-verbo de ligação-predicativo.",Análise linguística/ semiótica,Morfossintaxe,,,,,,,
EF09LP06,Ensino Fundamental,09,,Língua Portuguesa,06,"Diferenciar, em textos lidos e em produções próprias, o efeito de sentido do uso dos verbos de ligação “ser”, “estar”, “ficar”, “parecer” e “permanecer”.",Análise linguística/ semiótica,Morfossintaxe,,,,,,,
EF09LP07,Ensino Fundamental,09,,Língua Portuguesa,07,Comparar o uso de regência verbal e regência nominal na norma-padrão com seu uso no português brasileiro coloquial oral.,Análise linguística/ semiótica,Morfossintaxe,,,,,,,
EF09LP08,Ensino Fundamental,09,,Língua Portuguesa,08,"Identificar, em textos lidos e em produções próprias, a relação que conjunções (e locuções conjuntivas) coordenativas e subordinativas estabelecem entre as orações que conectam.",Análise linguística/ semiótica,Morfossintaxe,,,,,,,
EF09LP09,Ensino Fundamental,09,,Língua Portuguesa,09,Identificar efeitos de sentido do uso de orações adjetivas restritivas e explicativas em um período composto.,Análise linguística/semiótica,Elementos notacionais da escrita/morfossintaxe,,,,,,,
EF09LP10,Ensino Fundamental,09,,Língua Portuguesa,10,Comparar as regras de colocação pronominal na norma-padrão com o seu uso no português brasileiro coloquial.,Análise linguística/semiótica,Coesão,,,,,,,
EF09LP11,Ensino Fundamental,09,,Língua Portuguesa,11,Inferir efeitos de sentido decorrentes do uso de recursos de coesão sequencial (conjunções e articuladores textuais).,Análise linguística/semiótica,Coesão,,,,,,,
EF09LP12,Ensino Fundamental,09,,Língua Portuguesa,12,"Identificar estrangeirismos, caracterizando-os segundo a conservação, ou não, de sua forma gráfica de origem, avaliando a pertinência, ou não, de seu uso.",Análise linguística/semiótica,Variação linguística,,,,,,,
EF09MA01,Ensino Fundamental,09,,Matemática,01,"Reconhecer que, uma vez fixada uma unidade de comprimento, existem segmentos de reta cujo comprimento não é expresso por número racional (como as medidas de diagonais de um polígono e alturas de um triângulo, quando se toma a medida de cada lado como unidade).",Números,Necessidade dos números reais para medir qualquer segmento de reta,,,,,,,
EF09MA02,Ensino Fundamental,09,,Matemática,02,"Reconhecer um número irracional como um número real cuja representação decimal é infinita e não periódica, e estimar a localização de alguns deles na reta numérica.",Números,Números irracionais: reconhecimento e localização de alguns na reta numérica,sim,AF,"EF06MA08
EF07MA10","• Identificar um número racional pela sua expansão decimal finita ou infinita periódica.
• Reconhecer números irracionais em situações de medição.
• Aproximar um número irracional de números inteiros e racionais.
• Localizar um número irracional na reta numérica.","CE: 2 e 3
CG: 1 e 4",EF09MA01 e EF09MA03,"Reconhecer um número irracional como um número real cuja representação decimal é infinita e não periódica, e estimar a localização de alguns deles na reta numérica."
EF09MA03,Ensino Fundamental,09,,Matemática,03,"Efetuar cálculos com números reais, inclusive potências com expoentes fracionários.",Números,Potências com expoentes negativos e fracionários,,,,,,,
EF09MA04,Ensino Fundamental,09,,Matemática,04,"Resolver e elaborar problemas com números reais, inclusive em notação científica, envolvendo diferentes operações.",Números,Números reais: notação científica e problemas,sim,AF,"EF07MA12
EF08MA01
EF09MA02","• Associar um problema à operação entre números reais.
• Calcular com potências com expoentes inteiros e fracionários.
• Operar com números reais.
• Identificar o tipo de resposta numérica para o problema (resposta exata ou aproximada).
• Propor problemas em contextos de medições que possam envolver números reais.","CE: 1, 3 e 5
 CG: 2, 4, 9 e 10",EF09MA18,"Resolver e elaborar problemas com números reais, inclusive em notação científica, envolvendo diferentes operações significa compreender formas distintas de representação de quantidades infinitamente grandes ou infinitamente pequenas usando propriedades do sistema de numeração decimal e notação exponencial, percebendo a aplicação desse conhecimento em textos de exploração científica."
EF09MA05,Ensino Fundamental,09,,Matemática,05,"Resolver e elaborar problemas que envolvam porcentagens, com a ideia de aplicação de percentuais sucessivos e a determinação das taxas percentuais, preferencialmente com o uso de tecnologias digitais, no contexto da educação financeira.",Números,Porcentagens: problemas que envolvem cálculo de percentuais sucessivos,sim,AF,EF08MA04,"• Calcular porcentagens com ou sem o uso de calculadora.
• Diferenciar situações de cálculo de porcentagens simples daquelas que envolvem percentuais sucessivos.
• Distinguir o cálculo de porcentagem da determinação da taxa percentual entre duas grandezas.
• Elaborar estratégias de resolução de situações que envolvam porcentagens.
• Identificar em situações de educação financeira situações-problema que envolvam porcentagens e percentuais sucessivos.","CE: 1, 3, 4, 5 e 6
 CG: 2, 4, 5, 9 e 10",,"Resolver e elaborar problemas que envolvam porcentagens, com a ideia de
aplicação de percentuais sucessivos e a determinação das taxas percentuais, preferencialmente
com o uso de tecnologias digitais, no contexto da educação financeira implica em conhecer a porcentagem e sua utilização social, em particular, em aplicaçoes relacionadas à matemática financeira."
EF09MA06,Ensino Fundamental,09,,Matemática,06,"Compreender as funções como relações de dependência unívoca entre duas variáveis e suas representações numérica, algébrica e gráfica e utilizar esse conceito para analisar situações que envolvam relações funcionais entre duas variáveis.",Álgebra,"Funções: representações numérica, algébrica e gráfica",sim,AF,"EF08MA06
EF07MA17","• Identificar relações entre grandezas que correspondem a funções e não funções em contextos diversos.
• Associar a descrição verbal de uma função à sua expressão algébrica e a seu gráfico.
• Interpretar situações descritas por funções apresentadas em qualquer de suas representações.","CE: 3
CG: 4",,"Compreender as funções como relações de dependência unívoca entre duas variáveis e suas representações numérica, algébrica e gráfica e utilizar esse conceito para analisar situações que envolvam relações funcionais entre duas variáveis significa identificar a relação entre duas grandezas, diferenciando aquelas que são função das que não são, e associar a estas últimas formas de representação."
EF09MA07,Ensino Fundamental,09,,Matemática,07,"Resolver problemas que envolvam a razão entre duas grandezas de espécies diferentes, como velocidade e densidade demográfica.",Álgebra,Razão entre grandezas de espécies diferentes,,,,,,,
EF09MA08,Ensino Fundamental,09,,Matemática,08,"Resolver e elaborar problemas que envolvam relações de proporcionalidade direta e inversa entre duas ou mais grandezas, inclusive escalas, divisão em partes proporcionais e taxa de variação, em contextos socioculturais, ambientais e de outras áreas.",Álgebra,Grandezas diretamente proporcionais e grandezas inversamente proporcionais,sim,AF,"EF07MA17
EF08MA12
EF08MA13","• Diferenciar relações de proporcionalidade direta e inversa entre duas grandezas.
• Identificar em escalas, em divisão em partes proporcionais e em taxas de variações de duas grandezas as relações de proporcionalidade.
• Utilizar procedimentos de cálculo para resolver problemas que envolvam relações de proporcionalidade.
• Associar a contextos diversos a relação de proporcionalidade entre grandezas.","CE: 1, 3, 5 e 6
  CG: 1, 2, 4, 7, 9 e 10",EF09MA07,"Resolver e elaborar problemas que envolvam relações de proporcionalidade direta e inversa entre duas ou mais grandezas, inclusive escalas, divisão em partes proporcionais e taxa de variação, em contextos socioculturais, ambientais e de outras áreas, implica em  exploração de situações-problema  envolvendo números racionais que indicam razão,  a ideia de proporcionalidade, a identificação da natureza da variação de duas grandezas direta ou inversamente proporcionais ou não proporcionais, associar diferentes formas de representar grandezas direta ou inversamente proporcionais incluindo representações gráficas, algébrica e no plano cartesiano, bem como perceber que a representação algébrica das relações proporcionais nada mais é do que a declaração de igualdade entre duas variáveis, com aplicação em todas as situações descritas na habilidade."
EF09MA09,Ensino Fundamental,09,,Matemática,09,"Compreender os processos de fatoração de expressões algébricas, com base em suas relações com os produtos notáveis, para resolver e elaborar problemas que possam ser representados por equações polinomiais do 2º grau.",Álgebra,Expressões algébricas: fatoração e produtos notáveis,sim,AF,EF07MA18,"• Fatorar expressões de 2º grau com uma variável.
• Relacionar expressões fatoradas a produtos notáveis com uma variável.
• Associar pela fatoração a resolução de equações polinomiais do 2º grau à resolução de equações do 1º grau.
• Associar situações-problema à resolução de equações polinomiais de 2º grau.
• Identificar situações que possam ser resolvidas por equações polinomiais de 2º grau.","CE: 2 e 3
CG: 2, 4, 9 e 10",,"Compreender os processos de fatoração de expressões algébricas, com base em suas relações com os produtos notáveis, para resolver e elaborar problemas que possam ser representados por equações polinomiais do 2º grau."
EF09MA10,Ensino Fundamental,09,,Matemática,10,Demonstrar relações simples entre os ângulos formados por retas paralelas cortadas por uma transversal.,Geometria,Demonstrações de relações entre os ângulos formados por retas paralelas intersectadas por uma transversal,sim,AF,"EM08MA18
EF07MA24","• Identificar ângulos formados entre retas paralelas e uma transversal.
• Utilizar a simetria de translação para concluir que ângulos correspondentes são congruentes.
• Utilizar as propriedades de ângulos opostos pelo vértice e suplementares para estabelecer relações entre ângulos alternos e colaterais.","CE: 2 e 3
CG: 4",EF09MA11,"Essa habilidade significa saber que duas retas paralelas cortadas por uma transversal deteminam pares de ângulos correspondentes congruentes, pares de ângulos alternos internos congruentes,  pares de ângulos alternos externos congruentes,  pares de ângulos colaterais internos suplementares e pares de ângulos colaterais externos suplementares, demonstrando as relações por dedução informal."
EF09MA11,Ensino Fundamental,09,,Matemática,11,"Resolver problemas por meio do estabelecimento de relações entre arcos, ângulos centrais e ângulos inscritos na circunferência, fazendo uso, inclusive, de softwares de geometria dinâmica.",Geometria,Relações entre arcos e ângulos na circunferência de um círculo,,,,,,,
EF09MA12,Ensino Fundamental,09,,Matemática,12,Reconhecer as condições necessárias e suficientes para que dois triângulos sejam semelhantes.,Geometria,Semelhança de triângulos,sim,AF,EF07MA24,"• Identificar lados e ângulos correspondentes entre dois triângulos.
• Estabelecer relações de proporcionalidade entre lados correspondentes de dois triângulos.
• Estabelecer condições mínimas para que dois triângulos sejam semelhantes.
• Conhecer os casos de semelhança AA (ângulo, ângulo) – ou AAA (ângulo, ângulo, ângulo) –, LAL (lado, ângulo, lado) e LLL (lado, lado, lado).","CE: 2 e 3
CG: 3, 4 e 5",EF09MA15,Reconhecer as condições necessárias e suficientes para que dois triângulos sejam semelhantes implica em saber que dois trângulos são semelhantes quando e somente quando possuem os três ângulos respectivamente congruentes e os lados correspondentes proporcionais e que são três os casos de semelhança de triângulos: dois triângulos que possuem dois ângulos respectivamente congruentes são semelhantes; dois triângulos em que dois lados respectivamente proporcionais determinam ângulos congruentes são semelhantes e dois triângulos que possuem os lados ordenadamente proporcionais são semelhantes.
EF09MA13,Ensino Fundamental,09,,Matemática,13,"Demonstrar relações métricas do triângulo retângulo, entre elas o teorema de Pitágoras, utilizando, inclusive, a semelhança de triângulos.",Geometria,Teorema de Pitágoras: verificações experimentais e demonstração,sim,AF,EF09MA12,"• Identificar triângulos semelhantes formados pela altura em relação à hipotenusa de um triângulo retângulo.
• Aplicar relações entre lados de triângulos semelhantes formados pela altura em relação à hipotenusa de um triângulo retângulo.
• Distinguir entre as relações métricas do triângulo retângulo o teorema de Pitágoras.","CE: 2 e 3
CG: 1, 3, 4 e 5",,"Essa habilidade implica em conhecer os casos de semelhança de triângulos e aplicá-los para demonstrar propriedades tais como: Em todo triângulo retângulo, o produto dos catetos é igual ao produto da hipotenusa pela altura relativa à hipotenusa; Em todo triângulo retângulo, a altura relativa à hipotenusa é a média proporcional entre os segmentos que ela determina sobre a hipotenusa; Em todo triângulo retângulo, cada cateto é média proporcional entre sua projeção sobre a hipotenusa e a hipotenusa toda; Teorema de Pitágoras: Em todo triângulo retângulo, o quadrado da hipotenusa é igual à soma dos quadrados dos catetos."
EF09MA14,Ensino Fundamental,09,,Matemática,14,Resolver e elaborar problemas de aplicação do teorema de Pitágoras ou das relações de proporcionalidade envolvendo retas paralelas cortadas por secantes.,Geometria,Retas paralelas cortadas por transversais: teoremas de proporcionalidade e verificações experimentais,sim,AF,"EM08MA18
EF09MA10
EF09MA13","• Identificar situações-problema em que se aplicam relação métricas de triângulos retângulos.
• Identificar situações-problema em que se aplicam relações de semelhança e de proporcionalidade entre medidas de segmentos.
• Definir estratégias de resolução de situações que envolvam o teorema de Pitágoras e relações de proporcionalidade entre medidas de segmentos.
• Propor problemas que envolvam medições em triângulos retângulos e entre segmentos formados entre retas paralelas e transversais.","CE: 1, 3 e 5                                           CG: 1, 2, 3, 4, 9 e 10",,"Resolver e elaborar problemas de aplicação do teorema de Pitágoras ou das relações de proporcionalidade envolvendo retas paralelas cortadas por secantes implica em  compreender que um feixe de retas paralelas cortadas por duas retas secantes (transversais) determina, sobre essas secantes, segmentos que são proporcionais.  Além disso é necessário compreender o Teorema de Pitágoras."
EF09MA15,Ensino Fundamental,09,,Matemática,15,"Descrever, por escrito e por meio de um fluxograma, um algoritmo para a construção de um polígono regular cuja medida do lado é conhecida, utilizando régua e compasso, como também softwares.",Geometria,Polígonos regulares,,,,,,,
EF09MA16,Ensino Fundamental,09,,Matemática,16,"Determinar o ponto médio de um segmento de reta e a distância entre dois pontos quaisquer, dadas as coordenadas desses pontos no plano cartesiano, sem o uso de fórmulas, e utilizar esse conhecimento para calcular, por exemplo, medidas de perímetros e áreas de figuras planas construídas no plano.",Geometria,Distância entre pontos no plano cartesiano,,,,,,,
EF09MA17,Ensino Fundamental,09,,Matemática,17,Reconhecer vistas ortogonais de figuras espaciais e aplicar esse conhecimento para desenhar objetos em perspectiva.,Geometria,Vistas ortogonais de figuras espaciais,,,,,,,
EF09MA18,Ensino Fundamental,09,,Matemática,18,"Reconhecer e empregar unidades usadas para expressar medidas muito grandes ou muito pequenas, tais como distância entre planetas e sistemas solares, tamanho de vírus ou de células, capacidade de armazenamento de computadores, entre outros.",Grandezas e medidas,Unidades de medida para medir distâncias muito grandes e muito pequenas,,,,,,,
EF09MA19,Ensino Fundamental,09,,Matemática,19,"Resolver e elaborar problemas que envolvam medidas de volumes de prismas e de cilindros retos, inclusive com uso de expressões de cálculo, em situações cotidianas.",Grandezas e medidas,Volume de prismas e cilindros,,,,,,,
EF09MA20,Ensino Fundamental,09,,Matemática,20,"Reconhecer, em experimentos aleatórios, eventos independentes e dependentes e calcular a probabilidade de sua ocorrência, nos dois casos.",Probabilidade e estatística,Análise de probabilidade de eventos aleatórios: eventos dependentes e independentes,sim,AF,"EF07MA34
EF08MA22","• Descrever dois ou mais eventos em um mesmo espaço amostral.
• Descrever a intersecção de dois eventos em um mesmo espaço amostral.
• Comparar a relação do produto das probabilidades de dois eventos com a probabilidade da intersecção desses eventos em um mesmo espaço amostral.
• Decidir se dois eventos em um mesmo espaço amostral são dependentes ou independentes.","CE: 2 e 3
  CG: 4",,"Reconhecer, em experimentos aleatórios, eventos independentes e dependentes e calcular a probabilidade de sua ocorrência, nos dois casos implica em saber que dois ou mais eventos são independentes quando a ocorrência de um não tem efeito na probabilidade de ocorrência do(s) outro(s) e que dois ou mais eventos são dependentes quando a ocorrência de um afeta a probabilidade de ocorrência do(s) outro(s)."
EF09MA21,Ensino Fundamental,09,,Matemática,21,"Analisar e identificar, em gráficos divulgados pela mídia, os elementos que podem induzir, às vezes propositadamente, erros de leitura, como escalas inapropriadas, legendas não explicitadas corretamente, omissão de informações importantes (fontes e datas), entre outros.",Probabilidade e estatística,Análise de gráficos divulgados pela mídia: elementos que podem induzir a erros de leitura ou de interpretação,,,,,,,
EF09MA22,Ensino Fundamental,09,,Matemática,22,"Escolher e construir o gráfico mais adequado (colunas, setores, linhas), com ou sem uso de planilhas eletrônicas, para apresentar um determinado conjunto de dados, destacando aspectos como as medidas de tendência central.",Probabilidade e estatística,"Leitura, interpretação e representação de dados de pesquisa expressos em tabelas de dupla entrada, gráficos de colunas simples e agrupadas, gráficos de barras e de setores e gráficos pictóricos",sim,AF,"EF07MA35
 EF08MA25","• Relacionar um conjunto de dados a um gráfico que o represente.
• Selecionar o gráfico mais adequado para representar um conjunto de dados.
• Construir gráficos estatísticos com o uso de planilhas eletrônicas.
• Representar as medidas de tendência central em um gráfico que envolva variável quantitativa.","CE: 1, 3, 5 e 6
  CG: 4, 5, 7 e 10","EF09MA21
EF09MA23","Escolher e construir o gráfico mais adequado (colunas, setores, linhas), com ou sem uso de planilhas eletrônicas, para apresentar um determinado conjunto de dados, destacando aspectos como as medidas de tendência central implica em conhecer as especificidades dos diversos tipos de gráficos: de colunas, de setores ou de linhas. Os  gráficos de barras, que podem ser horizontais ou verticais, neste último caso chamados também de gráficos de colunas, são adequados para a representação de dados pontuais.   Gráficos de  setores, também chamados gráficos de pizza, são utilizados para representar valores a partir de um todo, levando em conta o conceito de proporcionalidade. Neste tipo de gráfico, os dados podem ser expressos na forma percentual e, nesse caso, a soma de todos os dados deve ser igual a 100%. Os gráficos de linhas, também chamados gráficos de segmentos, são indicados para representar dados contínuos."
EF09MA23,Ensino Fundamental,09,,Matemática,23,"Planejar e executar pesquisa amostral envolvendo tema da realidade social e comunicar os resultados por meio de relatório contendo avaliação de medidas de tendência central e da amplitude, tabelas e gráficos adequados, construídos com o apoio de planilhas eletrônicas.",Probabilidade e estatística,Planejamento e execução de pesquisa amostral e apresentação de relatório,,,,,,,
EF12EF01,Ensino Fundamental,12,,Educação Física,01,"Experimentar, fruir e recriar diferentes brincadeiras e jogos da cultura popular presentes no contexto comunitário e regional, reconhecendo e respeitando as diferenças individuais de desempenho dos colegas.",Brincadeiras e jogos,Brincadeiras e jogos da cultura popular presentes no contexto comunitário e regional,,,,,,,
EF12EF02,Ensino Fundamental,12,,Educação Física,02,"Explicar, por meio de múltiplas linguagens (corporal, visual, oral e escrita), as brincadeiras e os jogos populares do contexto comunitário e regional, reconhecendo e valorizando a importância desses jogos e brincadeiras para suas culturas de origem.",Brincadeiras e jogos,Brincadeiras e jogos da cultura popular presentes no contexto comunitário e regional,,,,,,,
EF12EF03,Ensino Fundamental,12,,Educação Física,03,"Planejar e utilizar estratégias para resolver desafios de brincadeiras e jogos populares do contexto comunitário e regional, com base no reconhecimento das características dessas práticas.",Brincadeiras e jogos,Brincadeiras e jogos da cultura popular presentes no contexto comunitário e regional,,,,,,,
EF12EF04,Ensino Fundamental,12,,Educação Física,04,"Colaborar na proposição e na produção de alternativas para a prática, em outros momentos e espaços, de brincadeiras e jogos e demais práticas corporais tematizadas na escola, produzindo textos (orais, escritos, audiovisuais) para divulgá-las na escola e na comunidade.",Brincadeiras e jogos,Brincadeiras e jogos da cultura popular presentes no contexto comunitário e regional,,,,,,,
EF12EF05,Ensino Fundamental,12,,Educação Física,05,"Experimentar e fruir, prezando pelo trabalho coletivo e pelo protagonismo, a prática de esportes de marca e de precisão, identificando os elementos comuns a esses esportes.",Esportes,Esportes de precisão,,,,,,,
EF12EF06,Ensino Fundamental,12,,Educação Física,06,Discutir a importância da observação das normas e das regras dos esportes de marca e de precisão para assegurar a integridade própria e as dos demais participantes.,Esportes,Esportes de precisão,,,,,,,
EF12EF07,Ensino Fundamental,12,,Educação Física,07,"Experimentar, fruir e identificar diferentes elementos básicos da ginástica (equilíbrios, saltos, giros, rotações, acrobacias, com e sem materiais) e da ginástica geral, de forma individual e em pequenos grupos, adotando procedimentos de segurança.",Ginásticas,Ginástica geral,,,,,,,
EF12EF08,Ensino Fundamental,12,,Educação Física,08,Planejar e utilizar estratégias para a execução de diferentes elementos básicos da ginástica e da ginástica geral.,Ginásticas,Ginástica geral,,,,,,,
EF12EF09,Ensino Fundamental,12,,Educação Física,09,"Participar da ginástica geral, identificando as potencialidades e os limites do corpo, e respeitando as diferenças individuais e de desempenho corporal.",Ginásticas,Ginástica geral,,,,,,,
EF12EF10,Ensino Fundamental,12,,Educação Física,10,"Descrever, por meio de múltiplas linguagens (corporal, oral, escrita e audiovisual), as características dos elementos básicos da ginástica e da ginástica geral, identificando a presença desses elementos em distintas práticas corporais.",Ginásticas,Ginástica geral,,,,,,,
EF12EF11,Ensino Fundamental,12,,Educação Física,11,"Experimentar e fruir diferentes danças do contexto comunitário e regional (rodas cantadas, brincadeiras rítmicas e expressivas), e recriá-las, respeitando as diferenças individuais e de desempenho corporal.",Danças,Danças do contexto comunitário e regional,,,,,,,
EF12EF12,Ensino Fundamental,12,,Educação Física,12,"Identificar os elementos constitutivos (ritmo, espaço, gestos) das danças do contexto comunitário e regional, valorizando e respeitando as manifestações de diferentes culturas.",Danças,Danças do contexto comunitário e regional,,,,,,,
EF12LP01,Ensino Fundamental,12,,Língua Portuguesa,01,"Ler palavras novas com precisão na decodificação, no caso de palavras de uso frequente, ler globalmente, por memorização.",Leitura/escuta (compartilhada e autônoma),Decodificação/Fluência de leitura,,,,,,,
EF12LP02,Ensino Fundamental,12,,Língua Portuguesa,02,"Buscar, selecionar e ler, com a mediação do professor (leitura compartilhada), textos que circulam em meios impressos ou digitais, de acordo com as necessidades e interesses.",Leitura/escuta (compartilhada e autônoma),Formação de leitor,,,,,,,
EF12LP03,Ensino Fundamental,12,,Língua Portuguesa,03,"Copiar textos breves, mantendo suas características e voltando para o texto sempre que tiver dúvidas sobre sua distribuição gráfica, espaçamento entre as palavras, escrita das palavras e pontuação.",Escrita (compartilhada e autônoma),Construção do sistema alfabético/ Estabelecimento de relações anafóricas na referenciação e construção da coesão,,,,,,,
EF12LP04,Ensino Fundamental,12,,Língua Portuguesa,04,"Ler e compreender, em colaboração com os ou já com certa autonomia, listas, agendas, calendá de montagem (digitais ou impressos), dentre outros considerando a situação comunicativa e o tema/assun organização à sua finalidade.",Leitura/escuta (compartilhada e autônoma),Compreensão em leitura,,,,,,,
EF12LP05,Ensino Fundamental,12,,Língua Portuguesa,05,"Planejar e produzir, em colaboração com (re)contagens de histórias, poemas e outros textos cordel), poemas visuais, tiras e histórias em quadr artístico-literário, considerando a situação comuni",Escrita (compartilhada e autônoma),Escrita compartilhada,,,,,,,
EF12LP06,Ensino Fundamental,12,,Língua Portuguesa,06,"Planejar e produzir, em colaboração com recados, avisos, convites, receitas, instruções de vida cotidiana, que possam ser repassados oralmente ou vídeo, considerando a situação comunicativa e o",Oralidade,Produção de texto oral,,,,,,,
EF12LP07,Ensino Fundamental,12,,Língua Portuguesa,07,"Identificar e (re)produzir, em cantiga, e canções, rimas, aliterações, assonâncias, o ritmo músicas e seus efeitos de sentido.",Análise linguística/semiótica (Alfabetização),Forma de composição do texto,,,,,,,
EF12LP08,Ensino Fundamental,12,,Língua Portuguesa,08,"Ler e compreender, em colaboração com os colegas e com a ajuda do professor, fotolegendas em notícias, manchetes e lides em notícias, álbum de fotos digital noticioso e notícias curtas para público infantil, dentre outros gêneros do campo jornalístico, considerando a situação comunicativa e o tema/assunto do texto.",Leitura/escuta (compartilhada e autônoma),Compreensão em leitura,,,,,,,
EF12LP09,Ensino Fundamental,12,,Língua Portuguesa,09,"Ler e compreender, em colaboração com os colegas e com a ajuda do professor, slogans, anúncios publicitários e textos de campanhas de conscientização destinados ao público infantil, dentre outros gêneros do campo publicitário, considerando a situação comunicativa e o tema/assunto do texto.",Leitura/escuta (compartilhada e autônoma),Compreensão em leitura,,,,,,,
EF12LP10,Ensino Fundamental,12,,Língua Portuguesa,10,"Ler e compreender, em colaboração com os colegas e com a ajuda do professor, cartazes, avisos, folhetos, regras e regulamentos que organizam a vida na comunidade escolar, dentre outros gêneros do campo da atuação cidadã, considerando a situação comunicativa e o tema/assunto do texto.",Leitura/escuta (compartilhada e autônoma),Compreensão em leitura,,,,,,,
EF12LP11,Ensino Fundamental,12,,Língua Portuguesa,11,"Escrever, em colaboração com os colegas e com a ajuda do professor, fotolegendas em notícias, manchetes e lides em notícias, álbum de fotos digital noticioso e notícias curtas para público infantil, digitais ou impressos, dentre outros gêneros do campo jornalístico, considerando a situação comunicativa e o tema/assunto do texto.",Escrita (compartilhada e autônoma),Escrita compartilhada,,,,,,,
EF12LP12,Ensino Fundamental,12,,Língua Portuguesa,12,"Escrever, em colaboração com os colegas e com a ajuda do professor, slogans, anúncios publicitários e textos de campanhas de conscientização destinados ao público infantil, dentre outros gêneros do campo publicitário, considerando a situação comunicativa e o tema/ assunto/finalidade do texto.",Escrita (compartilhada e autônoma),Escrita compartilhada,,,,,,,
EF12LP13,Ensino Fundamental,12,,Língua Portuguesa,13,"Planejar, em colaboração com os colegas e com a ajuda do professor, slogans e peça de campanha de conscientização destinada ao público infantil que possam ser repassados oralmente por meio de ferramentas digitais, em áudio ou vídeo, considerando a situação comunicativa e o tema/assunto/finalidade do texto.",Oralidade,Produção de texto oral,,,,,,,
EF12LP14,Ensino Fundamental,12,,Língua Portuguesa,14,"Identificar e reproduzir, em fotolegendas de notícias, álbum de fotos digital noticioso, cartas de leitor (revista infantil), digitais ou impressos, a formatação e diagramação específica de cada um desses gêneros, inclusive em suas versões orais.",Análise linguística/semiótica (Alfabetização),Forma de composição do texto,,,,,,,
EF12LP15,Ensino Fundamental,12,,Língua Portuguesa,15,Identificar a forma de composição de slogans publicitários.,Análise linguística/semiótica (Alfabetização),Forma de composição do texto,,,,,,,
EF12LP16,Ensino Fundamental,12,,Língua Portuguesa,16,"Identificar e reproduzir, em anúncios publicitários e textos de campanhas de conscientização destinados ao público infantil (orais e escritos, digitais ou impressos), a formatação e diagramação específica de cada um desses gêneros, inclusive o uso de imagens.",Análise linguística/semiótica (Alfabetização),Forma de composição do texto,,,,,,,
EF12LP17,Ensino Fundamental,12,,Língua Portuguesa,17,"Ler e compreender, em colaboração com os colegas e com a ajuda do professor, enunciados de tarefas escolares, diagramas, curiosidades, pequenos relatos de experimentos, entrevistas, verbetes de enciclopédia infantil, entre outros gêneros do campo investigativo, considerando a situação comunicativa e o tema/assunto do texto.",Leitura/escuta (compartilhada e autônoma),Compreensão em leitura,,,,,,,
EF12LP18,Ensino Fundamental,12,,Língua Portuguesa,18,"Apreciar poemas e outros textos versificados, observando rimas, sonoridades, jogos de palavras, reconhecendo seu pertencimento ao mundo imaginário e sua dimensão de encantamento, jogo e fruição.",Leitura/escuta (compartilhada e autônoma),Apreciação estética/Estilo,,,,,,,
EF12LP19,Ensino Fundamental,12,,Língua Portuguesa,19,"Reconhecer, em textos versificados, rimas, sonoridades, jogos de palavras, palavras, expressões, comparações, relacionando-as com sensações e associações.",Análise linguística/semiótica (Alfabetização),Formas de composição de textos poéticos,,,,,,,
EF15AR01,Ensino Fundamental,15,,Arte,01,"Identificar e apreciar formas distintas das artes visuais tradicionais e contemporâneas, cultivando a percepção, o imaginário, a capacidade de simbolizar e o repertório imagético.",Artes visuais,Contextos e práticas,,,,,,,
EF15AR02,Ensino Fundamental,15,,Arte,02,"Explorar e reconhecer elementos constitutivos das artes visuais (ponto, linha, forma, cor, espaço, movimento etc.).",Artes visuais,Elementos da linguagem,,,,,,,
EF15AR03,Ensino Fundamental,15,,Arte,03,"Reconhecer e analisar a influência de distintas matrizes estéticas e culturais das artes visuais nas manifestações artísticas das culturas locais, regionais e nacionais.",Artes visuais,Matrizes estéticas e culturais,,,,,,,
EF15AR04,Ensino Fundamental,15,,Arte,04,"Experimentar diferentes formas de expressão artística (desenho, pintura, colagem, quadrinhos, dobradura, escultura, modelagem, instalação, vídeo, fotografia etc.), fazendo uso sustentável de materiais, instrumentos, recursos e técnicas convencionais e não convencionais.",Artes visuais,Materialidades,,,,,,,
EF15AR05,Ensino Fundamental,15,,Arte,05,"Experimentar a criação em artes visuais de modo individual, coletivo e colaborativo, explorando diferentes espaços da escola e da comunidade.",Artes visuais,Processos de criação,,,,,,,
EF15AR06,Ensino Fundamental,15,,Arte,06,"Dialogar sobre a sua criação e as dos colegas, para alcançar sentidos plurais.",Artes visuais,Processos de criação,,,,,,,
EF15AR07,Ensino Fundamental,15,,Arte,07,"Reconhecer algumas categorias do sistema das artes visuais (museus, galerias, instituições, artistas, artesãos, curadores etc.).",Artes visuais,Sistemas da linguagem,,,,,,,
EF15AR08,Ensino Fundamental,15,,Arte,08,"Experimentar e apreciar formas distintas de manifestações da dança presentes em diferentes contextos, cultivando a percepção, o imaginário, a capacidade de simbolizar e o repertório corporal.",Dança,Contextos e práticas,,,,,,,
EF15AR09,Ensino Fundamental,15,,Arte,09,Estabelecer relações entre as partes do corpo e destas com o todo corporal na construção do movimento dançado.,Dança,Elementos da linguagem,,,,,,,
EF15AR10,Ensino Fundamental,15,,Arte,10,"Experimentar diferentes formas de orientação no espaço (deslocamentos, planos, direções, caminhos etc.) e ritmos de movimento (lento, moderado e rápido) na construção do movimento dançado.",Dança,Elementos da linguagem,,,,,,,
EF15AR11,Ensino Fundamental,15,,Arte,11,"Criar e improvisar movimentos dançados de modo individual, coletivo e colaborativo, considerando os aspectos estruturais, dinâmicos e expressivos dos elementos constitutivos do movimento, com base nos códigos de dança.",Dança,Processos de criação,,,,,,,
EF15AR12,Ensino Fundamental,15,,Arte,12,"Discutir, com respeito e sem preconceito, as experiências pessoais e coletivas em dança vivenciadas na escola, como fonte para a construção de vocabulários e repertórios próprios.",Dança,Processos de criação,,,,,,,
EF15AR13,Ensino Fundamental,15,,Arte,13,"Identificar e apreciar criticamente diversas formas e gêneros de expressão musical, reconhecendo e analisando os usos e as funções da música em diversos contextos de circulação, em especial, aqueles da vida cotidiana.",Música,Contexto e práticas,,,,,,,
EF15AR14,Ensino Fundamental,15,,Arte,14,"Perceber e explorar os elementos constitutivos da música (altura, intensidade, timbre, melodia, ritmo etc.), por meio de jogos, brincadeiras, canções e práticas diversas de composição/criação, execução e apreciação musical.",Música,Elementos da linguagem,,,,,,,
EF15AR15,Ensino Fundamental,15,,Arte,15,"Explorar fontes sonoras diversas, como as existentes no próprio corpo (palmas, voz, percussão corporal), na natureza e em objetos cotidianos, reconhecendo os elementos constitutivos da música e as características de instrumentos musicais variados.",Música,Materialidades,,,,,,,
EF15AR16,Ensino Fundamental,15,,Arte,16,"Explorar diferentes formas de registro musical não convencional (representação gráfica de sons, partituras criativas etc.), bem como procedimentos e técnicas de registro em áudio e audiovisual, e reconhecer a notação musical convencional.",Música,Notação e registro musical,,,,,,,
EF15AR17,Ensino Fundamental,15,,Arte,17,"Experimentar improvisações, composições e sonorização de histórias, entre outros, utilizando vozes, sons corporais e/ou instrumentos musicais convencionais ou não convencionais, de modo individual, coletivo e colaborativo.",Música,Processos de criação,,,,,,,
EF15AR18,Ensino Fundamental,15,,Arte,18,"Reconhecer e apreciar formas distintas de manifestações do teatro presentes em diferentes contextos, aprendendo a ver e a ouvir histórias dramatizadas e cultivando a percepção, o imaginário, a capacidade de simbolizar e o repertório ficcional.",Teatro,Contextos e práticas,,,,,,,
EF15AR19,Ensino Fundamental,15,,Arte,19,"Descobrir teatralidades na vida cotidiana, identificando elementos teatrais (variadas entonações de voz, diferentes fisicalidades, diversidade de personagens e narrativas etc.).",Teatro,Elementos da linguagem,,,,,,,
EF15AR20,Ensino Fundamental,15,,Arte,20,"Experimentar o trabalho colaborativo, coletivo e autoral em improvisações teatrais e processos narrativos criativos em teatro, explorando desde a teatralidade dos gestos e das ações do cotidiano até elementos de diferentes matrizes estéticas e culturais.",Teatro,Processos de criação,,,,,,,
EF15AR21,Ensino Fundamental,15,,Arte,21,"Exercitar a imitação e o faz de conta, ressignificando objetos e fatos e experimentando-se no lugar do outro, ao compor e encenar acontecimentos cênicos, por meio de músicas, imagens, textos ou outros pontos de partida, de forma intencional e reflexiva.",Teatro,Processos de criação,,,,,,,
EF15AR22,Ensino Fundamental,15,,Arte,22,"Experimentar possibilidades criativas de movimento e de voz na criação de um personagem teatral, discutindo estereótipos.",Teatro,Processos de criação,,,,,,,
EF15AR23,Ensino Fundamental,15,,Arte,23,"Reconhecer e experimentar, em projetos temáticos, as relações processuais entre diversas linguagens artísticas.",Artes integradas,Processos de criação,,,,,,,
EF15AR24,Ensino Fundamental,15,,Arte,24,"Caracterizar e experimentar brinquedos, brincadeiras, jogos, danças, canções e histórias de diferentes matrizes estéticas e culturais.",Artes integradas,Matrizes estéticas culturais,,,,,,,
EF15AR25,Ensino Fundamental,15,,Arte,25,"Conhecer e valorizar o patrimônio cultural, material e imaterial, de culturas diversas, em especial a brasileira, incluindo-se suas matrizes indígenas, africanas e europeias, de diferentes épocas, favorecendo a construção de vocabulário e repertório relativos às diferentes linguagens artísticas.",Artes integradas,Patrimônio cultural,,,,,,,
EF15AR26,Ensino Fundamental,15,,Arte,26,"Explorar diferentes tecnologias e recursos digitais (multimeios, animações, jogos eletrônicos, gravações em áudio e vídeo, fotografia, softwares etc.) nos processos de criação artística.",Artes integradas,Arte e tecnologia,,,,,,,
EF15LP01,Ensino Fundamental,15,,Língua Portuguesa,01,"Identificar a função social de textos que circulam em campos da vida social dos quais participa cotidianamente (a casa, a rua, a comunidade, a escola) e nas mídias impressa, de massa e digital, reconhecendo para que foram produzidos, onde circulam, quem os produziu e a quem se destinam.",Leitura/escuta (compartilhada e autônoma),Reconstrução das condições de produção e recepção de textos,,,,,,,
EF15LP02,Ensino Fundamental,15,,Língua Portuguesa,02,"Estabelecer expectativas em relação ao texto que vai ler (pressuposições antecipadoras dos sentidos, da forma e da função social do texto), apoiando-se em seus conhecimentos prévios sobre as condições de produção e recepção desse texto, o gênero, o suporte e o universo temático, bem como sobre saliências textuais, recursos gráficos, imagens, dados da própria obra (índice, prefácio etc.), confirmando antecipações e inferências realizadas antes e durante a leitura de textos, checando a adequação das hipóteses realizadas.",Leitura/escuta (compartilhada e autônoma),Estratégia de leitura,,,,,,,
EF15LP03,Ensino Fundamental,15,,Língua Portuguesa,03,Localizar informações explícitas em textos.,Leitura/escuta (compartilhada e autônoma),Estratégia de leitura,,,,,,,
EF15LP04,Ensino Fundamental,15,,Língua Portuguesa,04,Identificar o efeito de sentido produzido pelo uso de recursos expressivos gráfico-visuais em textos multissemióticos.,Leitura/escuta (compartilhada e autônoma),Estratégia de leitura,,,,,,,
EF15LP05,Ensino Fundamental,15,,Língua Portuguesa,05,"Planejar, com a ajuda do professor, o texto que será produzido, considerando a situação comunicativa, os interlocutores (quem escreve/para quem escreve); a finalidade ou o propósito (escrever para quê); a circulação (onde o texto vai circular); o suporte (qual é o portador do texto); a linguagem, organização e forma do texto e seu tema, pesquisando em meios impressos ou digitais, sempre que for preciso, informações necessárias à produção do texto, organizando em tópicos os dados e as fontes pesquisadas.",Produção de textos (escrita compartilhada e autônoma),Planejamento de texto,,,,,,,
EF15LP06,Ensino Fundamental,15,,Língua Portuguesa,06,"Reler e revisar o texto produzido com a ajuda do professor e a colaboração dos colegas, para corrigi-lo e aprimorá-lo, fazendo cortes, acréscimos, reformulações, correções de ortografia e pontuação.",Produção de textos (escrita compartilhada e autônoma),Revisão de textos,,,,,,,
EF15LP07,Ensino Fundamental,15,,Língua Portuguesa,07,"Editar a versão final do texto, em colaboração com os colegas e com a ajuda do professor, ilustrando, quando for o caso, em suporte adequado, manual ou digital.",Produção de textos (escrita compartilhada e autônoma),Edição de textos,,,,,,,
EF15LP08,Ensino Fundamental,15,,Língua Portuguesa,08,"Utilizar software, inclusive programas de edição de texto, para editar e publicar os textos produzidos, explorando os recursos multissemióticos disponíveis.",Produção de textos (escrita compartilhada e autônoma),Utilização de tecnologia digital,,,,,,,
EF15LP09,Ensino Fundamental,15,,Língua Portuguesa,09,"Expressar-se em situações de intercâmbio oral com clareza, preocupando-se em ser compreendido pelo interlocutor e usando a palavra com tom de voz audível, boa articulação e ritmo adequado.",Oralidade,Oralidade pública/Intercâmbio conversacional em sala de aula,,,,,,,
EF15LP10,Ensino Fundamental,15,,Língua Portuguesa,10,"Escutar, com atenção, falas de professores e colegas, formulando perguntas pertinentes ao tema e solicitando esclarecimentos sempre que necessário.",Oralidade,Escuta atenta,,,,,,,
EF15LP11,Ensino Fundamental,15,,Língua Portuguesa,11,"Reconhecer características da conversação espontânea presencial, respeitando os turnos de fala, selecionando e utilizando, durante a conversação, formas de tratamento adequadas, de acordo com a situação e a posição do interlocutor.",Oralidade,Características da conversação espontânea,,,,,,,
EF15LP12,Ensino Fundamental,15,,Língua Portuguesa,12,"Atribuir significado a aspectos não linguísticos (paralinguísticos) observados na fala, como direção do olhar, riso, gestos, movimentos da cabeça (de concordância ou discordância), expressão corporal, tom de voz.",Oralidade,Aspectos não linguísticos (paralinguísticos) no ato da fala,,,,,,,
EF15LP13,Ensino Fundamental,15,,Língua Portuguesa,13,"Identificar finalidades da interação oral em diferentes contextos comunicativos (solicitar informações, apresentar opiniões, informar, relatar experiências etc.).",Oralidade,Relato oral/Registro formal e informal,,,,,,,
EF15LP14,Ensino Fundamental,15,,Língua Portuguesa,14,"Construir o sentido de histórias em quadrinhos e tirinhas, relacionando imagens e palavras e interpretando recursos gráficos (tipos de balões, de letras, onomatopeias).",Leitura/escuta (compartilhada e autônoma),Leitura de imagens em narrativas visuais,,,,,,,
EF15LP15,Ensino Fundamental,15,,Língua Portuguesa,15,"Reconhecer que os textos literários fazem parte do mundo do imaginário e apresentam uma dimensão lúdica, de encantamento, valorizando-os, em sua diversidade cultural, como patrimônio artístico da humanidade.",Leitura/escuta (compartilhada e autônoma),Formação do leitor literário,,,,,,,
EF15LP16,Ensino Fundamental,15,,Língua Portuguesa,16,"Ler e compreender, em colaboração com os colegas e com a ajuda do professor e, mais tarde, de maneira autônoma, textos narrativos de maior porte como contos (populares, de fadas, acumulativos, de assombração etc.) e crônicas.",Leitura/escuta (compartilhada e autônoma),Leitura colaborativa e autônoma,,,,,,,
EF15LP17,Ensino Fundamental,15,,Língua Portuguesa,17,"Apreciar poemas visuais e concretos, observando efeitos de sentido criados pelo formato do texto na página, distribuição e diagramação das letras, pelas ilustrações e por outros efeitos visuais.",Leitura/escuta (compartilhada e autônoma),Apreciação estética/Estilo,,,,,,,
EF15LP18,Ensino Fundamental,15,,Língua Portuguesa,18,Relacionar texto com ilustrações e outros recursos gráficos.,Leitura/escuta (compartilhada e autônoma),Formação do leitor literário/Leitura multissemiótica,,,,,,,
EF15LP19,Ensino Fundamental,15,,Língua Portuguesa,19,"Recontar oralmente, com e sem apoio de imagem, textos literários lidos pelo professor.",Oralidade,Contagem de histórias,,,,,,,
EF35EF01,Ensino Fundamental,35,,Educação Física,01,"Experimentar e fruir brincadeiras e jogos populares do Brasil e do mundo, incluindo aqueles de matriz indígena e africana, e recriá-los, valorizando a importância desse patrimônio histórico cultural.",Brincadeiras e jogos,Brincadeiras e jogos populares do Brasil e do mundo,,,,,,,
EF35EF02,Ensino Fundamental,35,,Educação Física,02,Planejar e utilizar estratégias para possibilitar a participação segura de todos os alunos em brincadeiras e jogos populares do Brasil e de matriz indígena e africana.,Brincadeiras e jogos,Brincadeiras e jogos de matriz indígena e africana,,,,,,,
EF35EF03,Ensino Fundamental,35,,Educação Física,03,"Descrever, por meio de múltiplas linguagens (corporal, oral, escrita, audiovisual), as brincadeiras e os jogos populares do Brasil e de matriz indígena e africana, explicando suas características e a importância desse patrimônio histórico cultural na preservação das diferentes culturas.",Brincadeiras e jogos,Brincadeiras e jogos de matriz indígena e africana,,,,,,,
EF35EF04,Ensino Fundamental,35,,Educação Física,04,"Recriar, individual e coletivamente, e experimentar, na escola e fora dela, brincadeiras e jogos populares do Brasil e do mundo, incluindo aqueles de matriz indígena e africana, e demais práticas corporais tematizadas na escola, adequando-as aos espaços públicos disponíveis.",Brincadeiras e jogos,Brincadeiras e jogos de matriz indígena e africana,,,,,,,
EF35EF05,Ensino Fundamental,35,,Educação Física,05,"Experimentar e fruir diversos tipos de esportes de campo e taco, rede/parede e invasão, identificando seus elementos comuns e criando estratégias individuais e coletivas básicas para sua execução, prezando pelo trabalho coletivo e pelo protagonismo.",Esportes,Esportes de rede/parede,,,,,,,
EF35EF06,Ensino Fundamental,35,,Educação Física,06,"Diferenciar os conceitos de jogo e esporte, identificando as características que os constituem na contemporaneidade e suas manifestações (profissional e comunitária/lazer).",Esportes,Esportes de invasão,,,,,,,
EF35EF07,Ensino Fundamental,35,,Educação Física,07,"Experimentar e fruir, de forma coletiva, combinações de diferentes elementos da ginástica geral (equilíbrios, saltos, giros, rotações, acrobacias, com e sem materiais), propondo coreografias com diferentes temas do cotidiano.",Ginásticas,Ginástica geral,,,,,,,
EF35EF08,Ensino Fundamental,35,,Educação Física,08,"Planejar e utilizar estratégias para resolver desafios na execução de elementos básicos de apresentações coletivas de ginástica geral, reconhecendo as potencialidades e os limites do corpo e adotando procedimentos de segurança.",Ginásticas,Ginástica geral,,,,,,,
EF35EF09,Ensino Fundamental,35,,Educação Física,09,"Experimentar, recriar e fruir danças populares do Brasil e do mundo e danças de matriz indígena e africana, valorizando e respeitando os diferentes sentidos e significados dessas danças em suas culturas de origem.",Danças,Danças de matriz indígena e africana,,,,,,,
EF35EF10,Ensino Fundamental,35,,Educação Física,10,"Comparar e identificar os elementos constitutivos comuns e diferentes (ritmo, espaço, gestos) em danças populares do Brasil e do mundo e danças de matriz indígena e africana.",Danças,Danças de matriz indígena e africana,,,,,,,
EF35EF11,Ensino Fundamental,35,,Educação Física,11,"Formular e utilizar estratégias para a execução de elementos constitutivos das danças populares do Brasil e do mundo, e das danças de matriz indígena e africana.",Danças,Danças de matriz indígena e africana,,,,,,,
EF35EF12,Ensino Fundamental,35,,Educação Física,12,Identificar situações de injustiça e preconceito geradas e/ou presentes no contexto das danças e demais práticas corporais e discutir alternativas para superá-las.,Danças,Danças de matriz indígena e africana,,,,,,,
EF35EF13,Ensino Fundamental,35,,Educação Física,13,"Experimentar, fruir e recriar diferentes lutas presentes no contexto comunitário e regional e lutas de matriz indígena e africana.",Lutas,Lutas de matriz indígena e africana,,,,,,,
EF35EF14,Ensino Fundamental,35,,Educação Física,14,"Planejar e utilizar estratégias básicas das lutas do contexto comunitário e regional e lutas de matriz indígena e africana experimentadas, respeitando o colega como oponente e as normas de segurança.",Lutas,Lutas de matriz indígena e africana,,,,,,,
EF35EF15,Ensino Fundamental,35,,Educação Física,15,"Identificar as características das lutas do contexto comunitário e regional e lutas de matriz indígena e africana, reconhecendo as diferenças entre lutas e brigas e entre lutas e as demais práticas corporais.",Lutas,Lutas de matriz indígena e africana,,,,,,,
EF35LP01,Ensino Fundamental,35,,Língua Portuguesa,01,"Ler e compreender, silenciosamente e, em seguida, em voz alta, com autonomia e fluência, textos curtos com nível de textualidade adequado.",Leitura/escuta (compartilhada e autônoma),Decodificação/Fluência de leitura,,,,,,,
EF35LP02,Ensino Fundamental,35,,Língua Portuguesa,02,"Selecionar livros da biblioteca e/ou do cantinho de leitura da sala de aula e/ou disponíveis em meios digitais para leitura individual, justificando a escolha e compartilhando com os colegas sua opinião, após a leitura.",Leitura/escuta (compartilhada e autônoma),Formação de leitor,,,,,,,
EF35LP03,Ensino Fundamental,35,,Língua Portuguesa,03,"Identificar a ideia central do texto, demonstrando compreensão global.",Leitura/escuta (compartilhada e autônoma),Compreensão,,,,,,,
EF35LP04,Ensino Fundamental,35,,Língua Portuguesa,04,Inferir informações implícitas nos textos lidos.,Leitura/escuta (compartilhada e autônoma),Estratégia de leitura,,,,,,,
EF35LP05,Ensino Fundamental,35,,Língua Portuguesa,05,"Inferir o sentido de palavras ou expressões desconhecidas em textos, com base no contexto da frase ou do texto.",Leitura/escuta (compartilhada e autônoma),Estratégia de leitura,,,,,,,
EF35LP06,Ensino Fundamental,35,,Língua Portuguesa,06,"Recuperar relações entre partes de um texto, identificando substituições lexicais (de substantivos por sinônimos) ou pronominais (uso de pronomes anafóricos – pessoais, possessivos, demonstrativos) que contribuem para a continuidade do texto.",Leitura/escuta (compartilhada e autônoma),Estratégia de leitura,,,,,,,
EF35LP07,Ensino Fundamental,35,,Língua Portuguesa,07,"Utilizar, ao produzir um texto, conhecimentos linguísticos e gramaticais, tais como ortografia, regras básicas de concordância nominal e verbal, pontuação (ponto final, ponto de exclamação, ponto de interrogação, vírgulas em enumerações) e pontuação do discurso direto, quando for o caso.",Produção de textos (escrita compartilhada e autônoma),Convenções da escrita,,,,,,,
EF35LP08,Ensino Fundamental,35,,Língua Portuguesa,08,"Utilizar, ao produzir um texto, recursos de referenciação (por substituição lexical ou por pronomes pessoais, possessivos e demonstrativos), vocabulário apropriado ao gênero, recursos de coesão pronominal (pronomes anafóricos) e articuladores de relações de sentido (tempo, causa, oposição, conclusão, comparação), com nível suficiente de informatividade.",Produção de textos (escrita compartilhada e autônoma),Construção do sistema alfabético/ Estabelecimento de relações anafóricas na referenciação e construção da coesão,,,,,,,
EF35LP09,Ensino Fundamental,35,,Língua Portuguesa,09,"Organizar o texto em unidades de sentido, dividindo-o em parágrafos segundo as normas gráficas e de acordo com as características do gênero textual.",Produção de textos (escrita compartilhada e autônoma),Planejamento de texto/Progressão temática e paragrafação,,,,,,,
EF35LP10,Ensino Fundamental,35,,Língua Portuguesa,10,"Identificar gêneros do discurso oral, utilizados em diferentes situações e contextos comunicativos, e suas características linguístico-expressivas e composicionais (conversação espontânea, conversação telefônica, entrevistas pessoais, entrevistas no rádio ou na TV, debate, noticiário de rádio e TV, narração de jogos esportivos no rádio e TV, aula, debate etc.).",Oralidade,Forma de composição de gêneros orais,,,,,,,
EF35LP11,Ensino Fundamental,35,,Língua Portuguesa,11,"Ouvir gravações, canções, textos falados em diferentes variedades linguísticas, identificando características regionais, urbanas e rurais da fala e respeitando as diversas variedades linguísticas como características do uso da língua por diferentes grupos regionais ou diferentes culturas locais, rejeitando preconceitos linguísticos.",Oralidade,Variação linguística,,,,,,,
EF35LP12,Ensino Fundamental,35,,Língua Portuguesa,12,"Recorrer ao dicionário para esclarecer dúvida sobre a escrita de palavras, especialmente no caso de palavras com relações irregulares fonema-grafema.",Análise linguística/semiótica (Ortografização),Construção do sistema alfabético e da ortografia,,,,,,,
EF35LP13,Ensino Fundamental,35,,Língua Portuguesa,13,Memorizar a grafia de palavras de uso frequente nas quais as relações fonema-grafema são irregulares e com h inicial que não representa fonema.,Análise linguística/semiótica (Ortografização),Construção do sistema alfabético e da ortografia,,,,,,,
EF35LP14,Ensino Fundamental,35,,Língua Portuguesa,14,"Identificar em textos e usar na produção textual pronomes pessoais, possessivos e demonstrativos, como recurso coesivo anafórico.",Análise linguística/semiótica (Ortografização),Morfologia,,,,,,,
EF35LP15,Ensino Fundamental,35,,Língua Portuguesa,15,"Opinar e defender ponto de vista sobre tema polêmico relacionado a situações vivenciadas na escola e/ou na comunidade, utilizando registro formal e estrutura adequada à argumentação, considerando a situação comunicativa e o tema/assunto do texto.",Produção de textos (escrita compartilhada e autônoma),Escrita colaborativa,,,,,,,
EF35LP16,Ensino Fundamental,35,,Língua Portuguesa,16,"Identificar e reproduzir, para público infantil e cartas de re diagramação específica de cada um de",Análise linguística/semiótica (Ortografização),Forma de composição dos textos,,,,,,,
EF35LP17,Ensino Fundamental,35,,Língua Portuguesa,17,"Buscar e selecionar, fenômenos sociais e naturais, em",Leitura/escuta (compartilhada e autônoma),Pesquisa,,,,,,,
EF35LP18,Ensino Fundamental,35,,Língua Portuguesa,18,"Escutar, com atenção, ap perguntas pertinentes ao tema e sol",Oralidade,Escuta de textos orais,,,,,,,
EF35LP19,Ensino Fundamental,35,,Língua Portuguesa,19,Recuperar as ideias prin apresentações e palestras.,Oralidade,Compreensão de textos orais,,,,,,,
EF35LP20,Ensino Fundamental,35,,Língua Portuguesa,20,"Expor trabalhos ou pesqu multissemióticos (imagens, diagrama tempo de fala e adequando a linguag",Oralidade,Exposição oral,,,,,,,
EF35LP21,Ensino Fundamental,35,,Língua Portuguesa,21,"Ler e compreender, de forma autônoma, textos literários de diferentes gêneros e extensões, inclusive aqueles sem ilustrações, estabelecendo preferências por gêneros, temas, autores.",Leitura/escuta (compartilhada e autônoma),Formação do leitor literário,,,,,,,
EF35LP22,Ensino Fundamental,35,,Língua Portuguesa,22,"Perceber diálogos em textos narrativos, observando o efeito de sentido de verbos de enunciação e, se for o caso, o uso de variedades linguísticas no discurso direto.",Leitura/escuta (compartilhada e autônoma),Formação do leitor literário/ Leitura multissemiótica,,,,,,,
EF35LP23,Ensino Fundamental,35,,Língua Portuguesa,23,"Apreciar poemas e outros textos versificados, observando rimas, aliterações e diferentes modos de divisão dos versos, estrofes e refrões e seu efeito de sentido.",Leitura/escuta (compartilhada e autônoma),Apreciação estética/Estilo,,,,,,,
EF35LP24,Ensino Fundamental,35,,Língua Portuguesa,24,Identificar funções do texto dramático (escrito para ser encenado) e sua organização por meio de diálogos entre personagens e marcadores das falas das personagens e de cena.,Leitura/escuta (compartilhada e autônoma),Textos dramáticos,,,,,,,
EF35LP25,Ensino Fundamental,35,,Língua Portuguesa,25,"Criar narrativas ficcionais, com certa autonomia, utilizando detalhes descritivos, sequências de eventos e imagens apropriadas para sustentar o sentido do texto, e marcadores de tempo, espaço e de fala de personagens.",Produção de textos (escrita compartilhada e autônoma),Escrita autônoma e compartilhada,,,,,,,
EF35LP26,Ensino Fundamental,35,,Língua Portuguesa,26,"Ler e compreender, com certa autonomia, narrativas ficcionais que apresentem cenários e personagens, observando os elementos da estrutura narrativa: enredo, tempo, espaço, personagens, narrador e a construção do discurso indireto e discurso direto.",Produção de textos (escrita compartilhada e autônoma),Escrita autônoma e compartilhada,,,,,,,
EF35LP27,Ensino Fundamental,35,,Língua Portuguesa,27,"Ler e compreender, com certa autonomia, textos em versos, explorando rimas, sons e jogos de palavras, imagens poéticas (sentidos figurados) e recursos visuais e sonoros.",Produção de textos (escrita compartilhada e autônoma),Escrita autônoma,,,,,,,
EF35LP28,Ensino Fundamental,35,,Língua Portuguesa,28,"Declamar poemas, com entonação, postura e interpretação adequadas.",Oralidade,Performances orais,,,,,,,
EF35LP29,Ensino Fundamental,35,,Língua Portuguesa,29,"Identificar, em narrativas, cenário, personagem central, conflito gerador, resolução e o ponto de vista com base no qual histórias são narradas, diferenciando narrativas em primeira e terceira pessoas.",Análise linguística/semiótica (Ortografização),Formas de composição de narrativas,,,,,,,
EF35LP30,Ensino Fundamental,35,,Língua Portuguesa,30,"Diferenciar discurso indireto e discurso direto, determinando o efeito de sentido de verbos de enunciação e explicando o uso de variedades linguísticas no discurso direto, quando for o caso.",Análise linguística/semiótica (Ortografização),Discurso direto e indireto,,,,,,,
EF35LP31,Ensino Fundamental,35,,Língua Portuguesa,31,"Identificar, em textos versificados, efeitos de sentido decorrentes do uso de recursos rítmicos e sonoros e de metáforas.",Análise linguística/semiótica (Ortografização),Forma de composição de textos poéticos,,,,,,,
EF67EF01,Ensino Fundamental,67,,Educação Física,01,"Experimentar e fruir, na escola e fora dela, jogos eletrônicos diversos, valorizando e respeitando os sentidos e significados atribuídos a eles por diferentes grupos sociais e etários.",Brincadeiras e jogos,Jogos eletrônicos,,,,,,,
EF67EF02,Ensino Fundamental,67,,Educação Física,02,Identificar as transformações nas características dos jogos eletrônicos em função dos avanços das tecnologias e nas respectivas exigências corporais colocadas por esses diferentes tipos de jogos.,Brincadeiras e jogos,Jogos eletrônicos,,,,,,,
EF67EF03,Ensino Fundamental,67,,Educação Física,03,"Experimentar e fruir esportes de marca, precisão, invasão e técnico-combinatórios, valorizando o trabalho coletivo e o protagonismo.",Esportes,Esportes de precisão,,,,,,,
EF67EF04,Ensino Fundamental,67,,Educação Física,04,"Praticar um ou mais esportes de marca, precisão, invasão e técnico-combinatórios oferecidos pela escola, usando habilidades técnico-táticas básicas e respeitando regras.",Esportes,Esportes de invasão,,,,,,,
EF67EF05,Ensino Fundamental,67,,Educação Física,05,"Planejar e utilizar estratégias para solucionar os desafios técnicos e táticos, tanto nos esportes de marca, precisão, invasão e técnico-combinatórios como nas modalidades esportivas escolhidas para praticar de forma específica.",Esportes,Esportes técnico-combinatórios,,,,,,,
EF67EF06,Ensino Fundamental,67,,Educação Física,06,Analisar as transformações na organização e na prática dos esportes em suas diferentes manifestações (profissional e comunitário/lazer).,Esportes,Esportes técnico-combinatórios,,,,,,,
EF67EF07,Ensino Fundamental,67,,Educação Física,07,Propor e produzir alternativas para experimentação dos esportes não disponíveis e/ou acessíveis na comunidade e das demais práticas corporais tematizadas na escola.,Esportes,Esportes técnico-combinatórios,,,,,,,
EF67EF08,Ensino Fundamental,67,,Educação Física,08,"Experimentar e fruir exercícios físicos que solicitem diferentes capacidades físicas, identificando seus tipos (força, velocidade, resistência, flexibilidade) e as sensações corporais provocadas pela sua prática.",Ginásticas,Ginástica de condicionamento físico,,,,,,,
EF67EF09,Ensino Fundamental,67,,Educação Física,09,"Construir, coletivamente, procedimentos e normas de convívio que viabilizem a participação de todos na prática de exercícios físicos, com o objetivo de promover a saúde.",Ginásticas,Ginástica de condicionamento físico,,,,,,,
EF67EF10,Ensino Fundamental,67,,Educação Física,10,Diferenciar exercício físico de atividade física e propor alternativas para a prática de exercícios físicos dentro e fora do ambiente escolar.,Ginásticas,Ginástica de condicionamento físico,,,,,,,
EF67EF11,Ensino Fundamental,67,,Educação Física,11,"Experimentar, fruir e recriar danças urbanas, identificando seus elementos constitutivos (ritmo, espaço, gestos).",Danças,Danças urbanas,,,,,,,
EF67EF12,Ensino Fundamental,67,,Educação Física,12,Planejar e utilizar estratégias para aprender elementos constitutivos das danças urbanas.,Danças,Danças urbanas,,,,,,,
EF67EF13,Ensino Fundamental,67,,Educação Física,13,"Diferenciar as danças urbanas das demais manifestações da dança, valorizando e respeitando os sentidos e significados atribuídos a eles por diferentes grupos sociais.",Danças,Danças urbanas,,,,,,,
EF67EF14,Ensino Fundamental,67,,Educação Física,14,"Experimentar, fruir e recriar diferentes lutas do Brasil, valorizando a própria segurança e integridade física, bem como as dos demais.",Lutas,Lutas do Brasil,,,,,,,
EF67EF15,Ensino Fundamental,67,,Educação Física,15,"Planejar e utilizar estratégias básicas das lutas do Brasil, respeitando o colega como oponente.",Lutas,Lutas do Brasil,,,,,,,
EF67EF16,Ensino Fundamental,67,,Educação Física,16,"Identificar as características (códigos, rituais, elementos técnico-táticos, indumentária, materiais, instalações, instituições) das lutas do Brasil.",Lutas,Lutas do Brasil,,,,,,,
EF67EF17,Ensino Fundamental,67,,Educação Física,17,"Problematizar preconceitos e estereótipos relacionados ao universo das lutas e demais práticas corporais, propondo alternativas para superá-los, com base na solidariedade, na justiça, na equidade e no respeito.",Lutas,Lutas do Brasil,,,,,,,
EF67EF18,Ensino Fundamental,67,,Educação Física,18,"Experimentar e fruir diferentes práticas corporais de aventura urbanas, valorizando a própria segurança e integridade física, bem como as dos demais.",Práticas corporais de aventura,Práticas corporais de aventura urbanas,,,,,,,
EF67EF19,Ensino Fundamental,67,,Educação Física,19,Identificar os riscos durante a realização de práticas corporais de aventura urbanas e planejar estratégias para sua superação.,Práticas corporais de aventura,Práticas corporais de aventura urbanas,,,,,,,
EF67EF20,Ensino Fundamental,67,,Educação Física,20,"Executar práticas corporais de aventura urbanas, respeitando o patrimônio público e utilizando alternativas para a prática segura em diversos espaços.",Práticas corporais de aventura,Práticas corporais de aventura urbanas,,,,,,,
EF67EF21,Ensino Fundamental,67,,Educação Física,21,"Identificar a origem das práticas corporais de aventura e as possibilidades de recriá-las, reconhecendo as características (instrumentos, equipamentos de segurança, indumentária, organização) e seus tipos de práticas.",Práticas corporais de aventura,Práticas corporais de aventura urbanas,,,,,,,
EF67LP01,Ensino Fundamental,67,,Língua Portuguesa,01,Analisar a estrutura e funcionamento dos hiperlinks em textos noticiosos publicados na Web e vislumbrar possibilidades de uma escrita hipertextual.,Leitura,"Caracterização do campo jornalístico e relação entre os gêneros em circulação, mídias e práticas da cultura digital",sim,AF,EF06LP01 e EF06LP02,"• Reconhecer a estrutura de hipertexto e hiperlinks em textos noticiosos na internet.
• Reconhecer a  função do hiperlink e do hipertexto nas notas de rodapé e nos boxes.
• Selecionar informações.","CG: 2, 4 e 5
CA: 2, 3 e 6
CE: 2, 3 e 10","EF: EF69LP05 , EF69LP16, EF69LP17                    AF: EF67LP02, EF67LP03, EF67LP04, EF67LP05, EF67LP07 e EF67LP08
AC: EF06LP03, EF06LP04 e EF06LP05, EF67LP26","Esta habilidade trata da prática de leitura de hipertextos bem como a possibilidade de sua produção.  Ela é fundamental para promover aprendizagens que envolvem estratégias específicas de leitura considerando que o hipertexto tem um formato não linear e possibilita interações com os textos de maneiras diferentes, dependendo das escolhas feitas pelo leitor. Em uma notícia, por exemplo, o leitor pode ser direcionado a inúmeros outros links que tratam do mesmo fato ou outros que estão correlacionados.
A fim de desenvolver as aprendizagens, propõe-se que os estudantes sejam motivados a explorar o ambiente virtual e reconhecer os hiperlinks que encaminham para os hipertextos. Uma outra possibilidade é promover atividades em que o estudante registre os textos na ordem em que foram sendo lidos e, em seguida, compartilhados com o restante da turma de modo a evidenciar as diferentes possibilidades no contexto digital. Especificamente no 6º ano, essa habilidade pode ser articulada com diferentes habilidades de análise linguística e semiótica da série como as habilidades EF06LP03, EF06LP04 e EF06LP05 que tratam respectivamente de reconhecimento de sinônimos, flexão de substantivos e adjetivos e efeitos de sentido dos modos verbais. Nesse sentido, a partir da leitura dos diferentes textos, sugere-se propor atividades relacionadas e que contextualizem as habilidades complementares."
EF67LP02,Ensino Fundamental,67,,Língua Portuguesa,02,"Explorar o espaço reservado ao leitor nos jornais, revistas, impressos e on-line, sites noticiosos etc., destacando notícias, fotorreportagens, entrevistas, charges, assuntos, temas, debates em foco, posicionando-se de maneira ética e respeitosa frente a esses textos e opiniões a eles relacionadas, e publicar notícias, notas jornalísticas, fotorreportagem de interesse geral nesses espaços do leitor.",Leitura,Apreciação e réplica,sim,AF,EF05LP15 e EF05LP19,"• Explorar o espaço reservado ao leitor.
• Reconhecer os gêneros jornalísticos.
• Posicionar-se de maneira ética e respeitosa.
• Publicar textos.","CG: 2, 4 e 5
CA: 2, 3 e 6
CE: 2, 3 e 10","EF: EF69LP05, EF69LP17                                       AF: EF06LP01, EF06LP02, EF67LP03, EF67LP04, EF67LP05, EF67LP06, EF67LP07 e EF67LP08
AC: EF06LP03, EF06LP04 e EF06LP07","A habilidade é considerada de foco porque pressupõe o contato do estudante com espaços variados de circulação dos gêneros jornalísticos/midiáticos o que contribui para que ele seja capaz de ler criticamente e posicionar-se frente aos textos jornalísticos. Sugere-se, para seu desenvolvimento, atividades que sejam articuladas com a produção de textos orais e escritos, como rodas de conversa, debates, notícias impressas, entre outros. Especificamente no 6º ano, é possível, por exemplo, trabalhar as habilidades específicas de análise linguística e semiótica contextualizando essas habilidades. Por exemplo, caso se proponha desenvolver a habilidade EF06LP07 que trata do período composto por coordenação, isso pode ser feito por meio da análise de títulos de notícias, mostrando de que forma o uso das coordenadas produz sentido no texto. Além disso, a habilidade também prevê que o estudante se posicione de maneira ética e respeitosa o que pode ser desenvolvido por meio de rodas de conversa a partir da leitura dos textos. Por fim, a habilidade prevê a produção de textos jornalísticos. Para tanto, é importante propor a escrita de um gênero o qual tenha sido analisado de forma processual, considerando as etapas de planejamento, produção, revisão e reescrita, conforme proposto, por exemplo, pelas  habilidades EF67LP09 e EF67LP10. A avaliação pode contemplar tanto os registros produzidos durante as aulas bem como a produção de um texto que atenda aos critérios propostos."
EF67LP03,Ensino Fundamental,67,,Língua Portuguesa,03,"Comparar informações sobre um mesmo fato divulgadas em diferentes veículos e mídias, analisando e avaliando a confiabilidade.",Leitura,Relação entre textos,sim,AF,EF04LP14 e EF04LP15,"• Identificar o gênero que relata um fato.
• Identificar a ideia central do texto.
• Reconhecer o suporte.
• Comparar gêneros e suportes.
• Comparar as informações.","CG: 2, 4  e 7
CA: 2 e 3
CE: 2","EF: EF69LP05                                 AF: EF67LP06, EF06LP01, EF06LP02, EF67LP02, EF67LP04, EF67LP05, EF67LP07 e EF67LP08
AC: EF06LP03, EF06LP04,  EF06LP05, EF06LP08, EF06LP10, EF69LP31","Esta habilidade pressupõe a comparação de textos que tratam do mesmo fato em diferentes mídias. Pode, portanto, ser articulada à habilidade EF06LP01 que trata da impossibilidade de neutralidade em um texto jornalístico. Como forma de desenvolver as aprendizagens propostas, é possível propor uma situação-problema na qual o estudante tenha que analisar a diferença entre dois textos, como uma notícia e um texto publicado em rede social, a depender do grau de proficiência de leitura do estudante. Como forma de registro, pode-se propor a elaboração de uma tabela comparativa com as seguntes informações: autoria, suporte, gênero (se for o caso) e o tratamento da informação, considerando o uso de imagens, expressões, entre outros. A partir desse compartilhamento, pode-se propor atividades de leitura dos diferentes gêneros que apresentam informações para que os estudante construam uma tabela coletiva que apresente suporte, função social, características principais, entre outros. Ao propor a comparação de notícias e avaliação do grau de confiabilidade dos textos, promove-se o pensamento crítico dos estudantes e permite que eles reconheçam as fake news, contribuindo para uma sociedade mais ética e justa."
EF67LP04,Ensino Fundamental,67,,Língua Portuguesa,04,"Distinguir, em segmentos descontínuos de textos, fato da opinião enunciada em relação a esse mesmo fato.",Leitura,Distinção de fato e opinião,sim,AF,EF04LP15,"• Identificar fatos e opiniões em textos jornalísticos.
• Identificar expressões e escolhas lexicais e sintáticas que evidenciam fato de opinião.","CG: 2, 4  e 7
CA: 2 e 3
CE: 2","EF: EF69LP03                                       AF: EF67LP06, EF06LP01, EF06LP02, EF67LP02, EF67LP03, EF67LP05, EF67LP07 e EF67LP08
AC: EF06LP03, EF06LP04 , EF06LP05, EF06LP09, EF69LP31","Esta habilidade trata da diferença entre fato e opinião em textos do campo jornalístico-midiático. Para desenvolvê-la é possível propor atividades, como a roda de leitura de notícias e reportagens,  a fim de promover a análise das expressões que o jornalista/autor utiliza no texto. No 6º ano, considerando o grau de proficiência de leitura dos estudantes, pode-se propor a análise dessas marcas de subjetividade nos títulos e subtítulos dos textos. Uma outra possibilidade é propor a leitura em quebra-cabeça, nessa atividade cada membro do grupo fica responsável pela leitura de uma parte do texto e. depois. compartilhar sua análise com os demais estudantes. Nessa atividade é possível solicitar que os estudantes procurem grifar com uma cor o que eles consideram fatos e com outra cor o que eles consideram ser opiniões sobre os fatos. Por fim, pode-se pedir que eles organizem em uma tabela os fatos e as opiniões, bem como uma justificativa para a escolha. A essa habilidade podem ser articuladas as habilidades complementares EF06LP04, que trata dos substantivos e adjetivos e seus efeitos de sentido, e a EF06LP05, que trata dos modos verbais e seus efeitos de sentido. O desenvolvimento dessa habilidade permite que o estudante consiga se posicionar diante dos fatos ao diferenciá-los da opinião. Dessa forma, desenvolve-se a criticidade e o que possibilita aos jovens exercer sua cidadania de maneira ética e consciente."
EF67LP05,Ensino Fundamental,67,,Língua Portuguesa,05,"Identificar e avaliar teses/opiniões/posicionamentos explícitos e argumentos em textos argumentativos (carta de leitor, comentário, artigo de opinião, resenha crítica etc.), manifestando concordância ou discordância.",Leitura,Estratégia de leitura: identificação de teses e argumentos,sim,AF,EF05LP20,"• Diferenciar tese de argumento.
• Identificar a tese.
• Identificar argumentos.
• Posicionar-se de maneira embasada.","CG: 2, 4  e 7
CA: 2 e 3
CE: 2","EF: EF69LP03, EF69LP32                                          AF:  EF06LP01, EF06LP02, EF67LP06, EF67LP02,  EF67LP03, EF67LP04, EF67LP07 e EF67LP08
AC: EF06LP03, EF06LP04, EF06LP05, EF06LP10, EF69LP31","A habilidade, do campo jornalístico midiático, está centrada na análise de  textos argumentativos desse campo, como carta de leitor, comentário, artigo de opinião e  resenha crítica. Propõe-se, para o 6º ano, que sejam escolhidos textos que sejam compatíveis com a proficiência dos estudantes. Por essa razão, sugere-se que essa habilidade seja trabalhada de maneira progressiva, com comentários, cartas de leitor, resenha e, por fim, o artigo de opinião. Por se tratar de uma habilidade que deve ser desenvolvida ao longo do 6º e 7º ano, essa divisão pode ser considerada na hora do planejamento. Uma possibilidade é propor que sejam analisados diferentes comentários, em estações de aprendizagem, solicitando que os estudantes encontrem a tese ou a opinião sobre determinado assunto. Nesse sentido, pode-se propor análise de textos ou comentários sobre o mesmo assunto, mas com opiniões diferentes. Em seguida, como a habilidade prevê que o estudante manifeste sua opinião, pode-se propor um debate. Como forma de ampliação, é possível pedir ao estudante que tente justificar uma determinada opinião. A avaliação da aprendizagem pode ser feita por meio de registros e tarefas, bem como atividades de autoavaliação para que o estudante seja autônomo e consciente do seu próprio processo de aprendizagem."
EF67LP06,Ensino Fundamental,67,,Língua Portuguesa,06,"Identificar os efeitos de sentido provocados pela seleção lexical, topicalização de elementos e seleção e hierarquização de informações, uso de 3ª pessoa etc.",Leitura,Efeitos de sentido,sim,AF,EF35LP05 e EF35LP06,"• Reconhecer o gênero e suas condições de produção.
• Comparar escolhas lexicais.
• Identificar a ordem de apresentação dos fatos.
• Reconhecer o efeito de sentido do uso da 3ª pessoa.","CG: 2, 4  e 7
CA: 2 e 3
CE: 2","EF: EF69LP03, EF69LP32                                        AF: EF06LP01, EF06LP02, EF67LP02, EF67LP03, EF67LP04, EF67LP05, EF67LP07 e EF67LP08
AC: EF06LP03, EF06LP04, EF06LP05, EF06LP10, EF69LP31","A habilidade, que tem como objeto de conhecimento os efeitos de sentido, é considerada de foco no 6º e 7º ano por possibilitar ampliar a capacidade de leitura dos estudantes. Por essa razão, sugere-se que ela seja desenvolvida a partir da análise de gêneros que fazem uso da 3ª pessoa, como notícias e reportagens, para que os jovens consigam reconhecer suas condições de produção, recepção e circulação (autor, suporte, função social, entre outros). A partir desse reconhecimento, propõe-se articular atividades que permitam a comparação de textos, tal qual proposto pela habilidade EF67LP03. Um mesmo texto pode ser analisado considerando os aspectos propostos por essa habilidade: seleção lexical, ordem de apresentação dos fatos e o efeito de sentido do uso da 3ª pessoa. É possível articular habilidades complementares de análise linguística e semiótica, como é o caso das habilidades EF06LP03, EF06LP04 e EF06LP05 do 6º ano. Ressalta-se que essas habilidades complementares podem ser contextualizadas na leitura desses textos e ampliam a capacidade do estudante de associar os conhecimentos linguísticos às estratégias de leitura do texto. Além disso, sugere-se que os estudantes registrem suas observações para construir um painel coletivo. Por meio da temática dos textos jornalísticos pode-se tratar de temas contemporâneos e ligados aos ODS promovendo o desenvolvimento de leitores críticos e, consequentemente, atuantes em seus contextos."
EF67LP07,Ensino Fundamental,67,,Língua Portuguesa,07,"Identificar o uso de recursos persuasivos em textos argumentativos diversos (como a elaboração do título, escolhas lexicais, construções metafóricas, a explicitação ou a ocultação de fontes de informação) e perceber seus efeitos de sentido.",Leitura,Efeitos de sentido,sim,AF,EF05LP19,"• Identificar a tese e os argumentos em textos argumentativos.
• Analisar o título e relacioná-lo à tese.
• Analisar escolhas lexicais e recursos metafóricos.
• Reconhecer as fontes ou a ausência delas, relacionando-as ao objetivo do autor.","CG: 2, 4  e 7
CA: 2 e 3
CE: 2","EF: EF69LP32                                        AF: EF67LP06, EF06LP01, EF06LP02, EF67LP02, EF67LP03, EF67LP04, EF67LP05 e EF67LP08
AC: EF06LP03, EF06LP04 , EF06LP10, EF06LP11, EF67LP38,  EF69LP31","A habilidade é considerada de foco por tratar da questão da leitura e da análise de recursos persuasivos diversos. Nesse sentido, é possível desenvolvê-la por meio da leitura de diferentes textos, como comentários, resenhas, artigos de opinião, entre outros. Portanto, inicialmente, é interessante propor atividades de reconhecimento das condições de produção dos textos, como autor, função social, suporte, entre outros. A partir disso, considerando o grau de proficiência dos estudantes, é possível dividi-los em grupos de trabalho para analisar os textos. Inicialmente, pode-se observar o título para analisar se é possível reconhecer o assunto ou a tese.  Em seguida, a fim de reconhecer a tese e os argumentos, é possível fazer uma análise coletiva para ampliar as possibilidades de estratégias dos estudantes. Outra possibilidade é selecionar trechos dos textos para tornar mais evidente aquilo que se deseja que o estudante observe, como as escolhas metafóricas ou lexicais do texto e o uso ou a ausência de fontes. É interessante propor, ao desenvolver atividades voltadas para essa habilidade, momentos de debate coletivo e diálogo. Caso o estudante apresente dificuldade com textos mais complexos, é possível solicitar que ele leia trechos menores ou ainda os títulos para avançar na leitura. Como forma de avaliar as aprendizagens, pode-se propor registros escritos das propostas bem como apresentações orais dos grupos."
EF67LP08,Ensino Fundamental,67,,Língua Portuguesa,08,"Identificar os efeitos de sentido devidos à escolha de imagens estáticas, sequenciação ou sobreposição de imagens, definição de figura/fundo, ângulo, profundidade e foco, cores/tonalidades, relação com o escrito (relações de reiteração, complementação ou oposição) etc. em notícias, reportagens, fotorreportagens, foto-denúncias, memes, gifs, anúncios publicitários e propagandas publicados em jornais, revistas, sites na internet etc.",Leitura,Exploração da multissemiose,sim,AF,EF03LP19,"• Reconhecer o gênero e suas condições de produção.
• Analisar as semioses (imagens, cor, som, movimento, entre outros).
• Reconhecer o efeito de sentido.","CG:  2, 4 e 5
CA: 2, 3 e 6
CE: 2, 3 e 10","EF: EF69LP02,  EF69LP04,        EF69LP05,  EF69LP32                                                   AF: EF67LP06, EF06LP01, EF06LP02, EF67LP02, EF67LP03, EF67LP04, EF67LP05 e EF67LP07
AC: EF06LP03, EF06LP04, EF06LP12, EF67LP37   ,EF67LP38, EF69LP31","Esta habilidade é fundamental para o desenvolvimento da leitura de textos multissemióticos uma vez que já apresenta quais aspectos observar nos gêneros notícia, reportagem, fotorreportagem, foto-denúncia, meme, gif, anúncioms publicitárioms e propaganda publicados em jornais, revistas, sites da internet. Nesse sentido, sugere-se que sejam propostas leituras de gêneros pouco explorados no contexto escolar, como o meme e o gif e, progressivamente, os estudantes comecem a analisar textos mais complexos. Para dar início a análise desses textos sugere-se propor a elaboração de uma tabela com os recursos utilizados pelos textos, como apresentados pela própria habilidade. Assim, define-se os critérios de leitura como a “escolha de imagens estáticas, sequenciação ou sobreposição de imagens, definição de figura/fundo, ângulo, profundidade e foco, cores/tonalidades, relação com o escrito”. Sugere-se, ainda, que sejam propostas estações de aprendizagem com diferentes textos para análise, com o objetivo de ampliar o repertório dos estudantes. Em seguida, propõe-se que eles compartilhem suas leituras com os demais."
EF67LP09,Ensino Fundamental,67,,Língua Portuguesa,09,"Planejar notícia impressa e para circulação em outras mídias (rádio ou TV/vídeo), tendo em vista as condições de produção, do texto – objetivo, leitores/espectadores, veículos e mídia de circulação etc. –, a partir da escolha do fato a ser noticiado (de relevância para a turma, escola ou comunidade), do levantamento de dados e informações sobre o fato – que pode envolver entrevistas com envolvidos ou com especialistas, consultas a fontes, análise de documentos, cobertura de eventos etc.–, do registro dessas informações e dados, da escolha de fotos ou imagens a produzir ou a utilizar etc. e a previsão de uma estrutura hipertextual (no caso de publicação em sites ou blogs noticiosos).",Produção de textos,Estratégias de produção: planejamento de textos informativos,sim,AF,EF04LP16,"• Identificar o gênero adequado à demanda de comunicação.
• Levantar dados relevantes, considerando as condições de produção que envolvem a circulação de textos.
• Planejar o texto, considerando a produção de roteiros e sínteses de informações.","CG:  2 e 4
CA: 2 e 4
CE: 2, 3 e 7","EF: EF69LP06       AF: EF06LP01, EF06LP02, EF67LP02, EF67LP03, EF67LP04, EF67LP05, EF67LP07, EF67LP08 e  EF67LP10
AC: EF06LP03, EF06LP04, EF06LP05, EF67LP32, EF67LP33 e EF67LP36","Esta habilidade refere-se à prática de produção textual escrita e contempla a etapa da planejamento. Portanto, ela enfatiza as ações e procedimentos necessários para planejar um texto. Nessa etapa, sugere-se também que sejam apresentados os critérios para a produção do texto. Nesse sentido, é interessante observar de que modo a habilidade apresenta a progressão do trabalho no contexto escolar. Inicialmente, ela propõe a escolha de um fato relevante no contexto escolar para ser noticiado. As estratégias de levantamento dos dados são sugeridas pela própria habilidade, como entrevistas com os envolvidos no fato, especialistas, análise de documentos, entre outros. Nesse sentido, salienta-se a necessidade de se trabalhar habilidades de registro e coleta de dados, bem como gêneros de apoio. Além disso, caso a notícia seja planejada para circular em outras mídias, como vídeo, sugere-se que sejam propostas atividades para o planejamento de um roteiro. Outra sugestão é considerar que a mesma notpicia seja publicada em diferentes suportes. Nesse caso, cada grupo de estudante ficaria responsável por um suporte. Como forma de avaliação, pode-se propor que os estudantes registrem as etapas do processo ou ainda realizem uma autoavaliação."
EF67LP10,Ensino Fundamental,67,,Língua Portuguesa,10,"Produzir notícia impressa tendo em vista características do gênero – título ou manchete com verbo no tempo presente, linha fina (opcional), lide, progressão dada pela ordem decrescente de importância dos fatos, uso de 3ª pessoa, de palavras que indicam precisão –, e o estabelecimento adequado de coesão e produzir notícia para TV, rádio e internet, tendo em vista, além das características do gênero, os recursos de mídias disponíveis e o manejo de recursos de captação e edição de áudio e imagem.",Produção de textos,"Textualização, tendo em vista suas condições de produção, as características do gênero em questão, o estabelecimento de coesão, adequação à norma-padrão e o uso adequado de ferramentas de edição",sim,AF,EF35LP16,"• Reconhecer o gênero notícia impressa e suas condições de produção.
• Reconhecer a estrutura do gênero notícia impressa.
• Planejar a ordem de apresentação dos fatos.
• Reconhecer o efeito de sentido do uso da 3ª pessoa.
• Relacionar o gênero notícia impressa ao suporte adequado.","CG:  2 e 4
CA: 2 e 4
CE: 2, 3 e 7","EF: EF69LP10, EF69LP08                    AF: EF06LP01, EF06LP02, EF67LP02, EF67LP03, EF67LP04, EF67LP05, EF67LP07, EF67LP08 e  EF67LP09
AC: EF06LP03, EF06LP04, EF06LP05, EF06LP06, EF06LP11, EF06LP12, EF67LP33,  EF67LP36 e EF67LP37","Para desenvolver essa habilidade é interessante que ela esteja atrelada à habilidade EF67LP09 que trata da questão do planejamento. Além disso, sugere-se que sejam consideradas as etapas de escrita processual: planejamento, produção, revisão, reescrita e edição/publicação. Antes da produção do texto, é importante definir os critérios que serão observados ao longo do processo. Nesse sentido, pode-se propor o desenvolvimento de habilidades complementares que tratam de aspectos linguísticos, como as habilidades EF06LP11 e EF06LP12 que apresentam, os conhecimentos linguísticos e gramaticais e os recursos coesivos. Salienta-se que uma única produção não é suficiente para propor todos os critérios de uma só vez e, por essa razão, propõe-se que sejam escolhidos critérios específicos e que a produção seja uma prática contínua. Para a produção, podem ser selecionados os critérios que se deseja observar e retomar na etapa de revisão. A produção também pode ser feita de forma colaborativa. Na etapa de revisão, pode-se propor uma atividade de revisão em duplas ou grupos para promover a capacidade dos estudantes de revisar os próprios textos e a se posicionar de maneira respeitosa em relação ao texto do outro. A avaliação pode ser feita por meio da análise das etapas até o texto final."
EF67LP11,Ensino Fundamental,67,,Língua Portuguesa,11,"Planejar resenhas, vlogs, vídeos e podcasts variados, e textos e vídeos de apresentação e apreciação próprios das culturas juvenis (algumas possibilidades: fanzines, fanclipes, e-zines, gameplay, detonado etc.), dentre outros, tendo em vista as condições de produção do texto – objetivo, leitores/espectadores, veículos e mídia de circulação etc. –, a partir da escolha de uma produção ou evento cultural para analisar – livro, filme, série, game, canção, videoclipe, fanclipe, show, saraus, slams etc. – da busca de informação sobre a produção ou evento escolhido, da síntese de informações sobre a obra/evento e do elenco/seleção de aspectos, elementos ou recursos que possam ser destacados positiva ou negativamente ou da roteirização do passo a passo do game para posterior gravação dos vídeos.",Produção de textos,Estratégias de produção: planejamento de textos argumentativos e apreciativos,sim,AF,,"• Posicionar-se criticamente a respeito de uma produção ou um evento cultural.
• Identificar o gênero adequado à demanda de comunicação.
• Reconhecer as condições de produção que envolvem a circulação de textos.
• Praticar a curadoria de informação.
• Planejar o texto, considerando a produção de roteiros e sínteses de informações.","CG:  2, 4 e 10
CA: 2 e 3
CE: 2, 3, 6 e 7","EF:  EF69LP06, EF69LP45, EF69LP46
AF: EF06LP01, EF06LP02,  EF67LP02, EF67LP03, EF67LP04, EF67LP05, EF67LP07, EF67LP08 e EF67LP12
AC: EF06LP03, EF06LP04, EF06LP05, EF67LP32, EF67LP33 e EF67LP36","A habilidade pressupõe o planejamento de textos e vídeos próprios da cultura juvenil. Por essa razão, sugere-se que essa produção, por envolver uma série de etapas e procedimentos, seja feita de forma colaborativa.  Primeiramente, propõe-se escolher uma produção ou evento cultural para ser analisado. Essa escolha pressupõe a leitura e análise desses produtos culturais que podem ser registradas em gêneros de apoio, como esquemas e mapas mentais.
Sugere-se, também,  como uma das etapas do planejamento, propor a discussão sobre como se posicionar em relação à informação e de que modo as práticas da cultura juvenil devem ser consideradas nesse processo. Propõe-se, ainda, que sejam elencados os critérios para a produção, considerando o gênero a ser produzido, como resenhas, vlogs, vídeos e podcasts variados. Sugere-se ainda propor diferentes textos para os produtos culturais analisados, para propiciar que os estudantes escolham aqueles com os quais se identificam. O planejamento pode ser registrado fazendo uso de esquemas e tabelas para organizar as condições de produção e recepção que envolvem a circulação dos textos, como suporte, público-alvo, entre outros. Além disso, no planejamento, os estudantes podem registrar as ações necessárias para produzir o texto, como levantar informações, dados e, no caso de produções digitais, pesquisar e escolher as ferramentas mais adequadas ao objetivo do texto."
EF67LP12,Ensino Fundamental,67,,Língua Portuguesa,12,"Produzir resenhas críticas, vlogs, vídeos, podcasts variados e produções e gêneros próprios das culturas juvenis (algumas possibilidades: fanzines, fanclipes, e-zines, gameplay, detonado etc.), que apresentem/descrevam e/ou avaliem produções culturais (livro, filme, série, game, canção, disco, videoclipe etc.) ou evento (show, sarau, slam etc.), tendo em vista o contexto de produção dado, as características do gênero, os recursos das mídias envolvidas e a textualização adequada dos textos e/ou produções.",Produção de textos,Textualização de textos argumentativos e apreciativos,sim,AF,EF05LP13 e EF05LP21,"• Planejar o texto, considerando a produção de roteiros e sínteses de informações.
• Produzir o texto, considerando a demanda de comunicação.
• Editar e publicar o texto no suporte mais adequado à demanda de comunicação.","CG:  2, 4 e 10
CA: 2 e 3
CE: 2, 3, 6 e 7","EF:  EF69LP06, EF69LP45, EF69LP46   AF: EF06LP01, EF06LP02, EF67LP02, EF67LP03, EF67LP04, EF67LP05, EF67LP07, EF67LP08 e EF67LP11
AC: EF06LP03, EF06LP04, EF06LP05, EF06LP06, EF06LP11, EF06LP12, EF67LP33, EF67LP36, EF67LP37","Esta habilidade trata da produção dos textos elencandos no planejamento proposto pela habilidade EF67LP11. No desenvolvimento desta habilidade o estudante se torna produtor do discurso ao mesmo tempo que observa e adequa seu texto às condições de produção “objetivo, leitores/espectadores, veículos e mídia de circulação”, como previsto pela habilidade.
O trabalho com as habilidades de produção escrita deve seguir procedimentos comuns, como planejamento com a definição dos critérios e a partir das condições de produção, produção, revisão, reescrita e edição/publicação. As habilidades complementares, que envolvem aspectos notacionais (próprios do uso da língua), podem ser articuladas com essa habilidade. Uma possibilidade são as habilidades que envolvem recursos coesivos como a EF06LP12 ou ainda as que envolvem aspectos discursivos, como a possibilidade de uma escrita hipertextual o que pode ser articulado com a habilidade EF67LP01. A habilidade é considerada de foco por articular leitura e análise de produtos culturais próprios da cultura juvenil e permitir ao estudante produzir textos que o coloquem como protagonista, posicionando-se criticamente. Dessa forma, promove-se a construção de um sujeito autônomo e crítico que atuará de maneira consciente no contexto em que vive."
EF67LP13,Ensino Fundamental,67,,Língua Portuguesa,13,"Produzir, revisar e editar textos publicitários, levando em conta o contexto de produção dado, explorando recursos multissemióticos, relacionando elementos verbais e visuais, utilizando adequadamente estratégias discursivas de persuasão e/ou convencimento e criando título ou slogan que façam o leitor motivar-se a interagir com o texto produzido e se sinta atraído pelo serviço, ideia ou produto em questão.",Produção de textos,Produção e edição de textos publicitários,sim,AF,EF03LP19 e EF03LP21,"• Planejar e produzir textos publicitários, considerando suas características, linguagem, função social e contexto de produção.
• Revisar e editar textos publicitários, considerando suas características, linguagem, função social e contexto de produção.
• Utilizar recursos multissemióticos, relacionando elementos verbais e visuais, na produção de texto publicitário.
• Usar estratégias discursivas de persuasão para convencer o leitor.","CG:  2, 4 e 9
CA: 2 e 3
CE: 1, 2, 3  e 7","EF: EF69LP09   AC:EF06LP05, EF06LP06, EF06LP11, EF06LP12, EF67LP33, EF67LP36, EF67LP37, EF67LP38,","A habilidade apresenta objetivos de aprendizagem considerados essenciais, uma vez que permitem desenvolver procedimentos de leitura e produção e estratégias para o trabalho colaborativo, uma vez que usualmente os textos publicitários são produzidos por grupos de trabalho.
Para o desenvolvimento das aprendizagens, sugere-se que sejam seguidas as etapas de produção textual: planejamento, produção, revisão e edição dos textos. Nesse sentido, é importante organizar atividades que permitam que os estudantes entrem em contato com a leitura desses textos, reconhecendo sua função social, estrutura e recursos possíveis. Em relação aos recursos, pode-se articular as atividades à habilidade complementar EF67LP38 que trata das figuras de linguagem. Sugere-se, nesse caso, que as figuras sejam apresentadas progressivamente, a fim de que os estudantes as reconheçam no texto. Na etapa de planejamento, é importante que os grupos estabeleçam o  tema, produto ou ideia sobre o qual desejam produzir. É possível, também, propor os critérios que nortearão a produção bem como os possíveis recursos multissemióticos que podem ser usados. Esses critérios devem ser considerados na produção e retomados na revisão dos textos. Por exemplo, caso tenha se optado pelo o uso de uma figura de linguagem, esse deve ser um critério da produção. Além disso, a relação entre imagem e texto pode ser outro, de modo que os estudantes percebam e se apropriem das diferentes semioses envolvidas no texto."
EF67LP14,Ensino Fundamental,67,,Língua Portuguesa,14,"Definir o contexto de produção da entrevista (objetivos, o que se pretende conseguir, porque aquele entrevistado etc.), levantar informações sobre o entrevistado e sobre o acontecimento ou tema em questão, preparar o roteiro de perguntar e realizar entrevista oral com envolvidos ou especialistas relacionados com o fato noticiado ou com o tema em pauta, usando roteiro previamente elaborado e formulando outras perguntas a partir das respostas dadas e, quando for o caso, selecionar partes, transcrever e proceder a uma edição escrita do texto, adequando-o a seu contexto de publicação, à construção composicional do gênero e garantindo a relevância das informações mantidas e a continuidade temática.",Oralidade,Planejamento e produção de entrevistas orais,sim,AF,EF04LP17,"• Definir o contexto de produção da entrevista; Pesquisar informações sobre o entrevistado e  tema da entrevista.
• Elaborar roteiro de perguntas e fazer a entrevista oral, gravada ou anotada, a partir desse roteiro;  transcrever e/ ou selecionar trechos da entrevista.
• Editar e publicar a entrevista de acordo com seu contexto de  publicação.","CG:  2, 4 e 9
CA: 2 e 3
CE: 6, 7 e 8","EF: EF69LP06, EF69LP10, EF69LP39    AC: EF06LP03, EF06LP05, EF06LP08, EF67LP33, EF67LP38","A habilidade de produção de uma entrevista é importante na medida em que faz com que o estudante se aproprie de procedimentos que envolvem não apenas a textualização de um texto oral, mas também permite experimentar um novo papel social: o de entrevistador. Sugere-se a produção do gênero articulada em um projeto interdisciplinar para propiciar ferramentas para que o estudante obtenha as informações necessárias para o projeto. Outra sugestão é apresentar a função e o objetivo de uma entrevista de forma progressiva: primeiramente como o gênero único a ser produzido, a fim de que se conheça um pouco sobre o entrevistado e sua opinião ou experiência sobre um determinado assunto ou como um gênero de apoio para a produção de uma reportagem ou documentário. Além disso, propõe-se que para o planejamento da entrevista sejam propostos esquemas ou tabelas que organizem o contexto da produção e seus objetivos. Nessa etapa, pode-se propiciar oportunidades para que os jovens pesquisem informações sobre os entrevistados e sobre o tema da entrevista. É ainda interessante, no planejamento, elaborar o roteiro de perguntas de acordo com os objetivos estabelecidos. Após a produção, propõe-se que os estudantes retomem a entrevista e selecionem trechos para publicação ou ainda que ela seja editada. A revisão, nesse processo, pode ser feita em grupos, de modo que os estudantes façam observações do que pode ser melhorado no texto, vídeo ou áudio."
EF67LP15,Ensino Fundamental,67,,Língua Portuguesa,15,"Identificar a proibição imposta ou o direito garantido, bem como as circunstâncias de sua aplicação, em artigos relativos a normas, regimentos escolares, regimentos e estatutos da sociedade civil, regulamentações para o mercado publicitário, Código de Defesa do Consumidor, Código Nacional de Trânsito, ECA, Constituição, dentre outros.",Leitura,Estratégias e procedimentos de leitura em textos legais e normativos,sim,AF,,"• Identificar, em textos normativos, proibição imposta ou o direito garantido.
• Reconhecer as circunstâncias de aplicação de normas ou aplicação de direitos.","CG:  2, 4, 9 e 10
CA: 2 e 4
CE: 2, 3 6 e 7","EF: EF69LP05, EF69LP27, EF69LP32, EF69LP20, EF69LP24, EF69LP28      AF: EF67LP16,  EF67LP17, EF67LP18                                                             AC: EF67LP19, EF67LP36,  EF06LP05","A habilidade trata do reconhecimento das condições de produção de textos normativos e legais, ou seja, sua função social, seu suporte, entre outros. Sugere-se que os estudantes sejam levados a reconhecer que existem documentos que normatizam algumas questões. Uma possibilidade é dividir a turma em grupos e apresentar uma situação-problema. Por exemplo, uma criança tem um direito desrespeitado ou um consumidor foi lesado, e assim identificar qual o gênero atende à demanda de comunicação. Caso não seja possível propor uma pesquisa sobre esses textos, pode-se selecionar trechos de notícias e reportagens e trechos dos textos normativos, para que sejam relacionados. Dependendo da proficiência de leitura da turma, pode-se propor uma leitura compartilhada para que eles analisem um aspecto do texto, como estrutura, tipo de linguagem usada, entre outros aspectos. A avaliação pode ocorrer por meio da observação do posicionamento do estudante ou ainda por meio de seus registros escritos. No 6º ano, pode-se relacionar habilidade complementares específicas da série como a  EF06LP05 que trata de modos verbais. Nesse caso, pode-se observar o uso do subjuntivo e do imperativo nesses textos e seu efeito de sentido. Por fim, o reconhecimento dos textos normativos e legais tornam o estudante mais consciente e crítico de seus direitos e deveres."
EF67LP16,Ensino Fundamental,67,,Língua Portuguesa,16,"Explorar e analisar espaços de reclamação de direitos e de envio de solicitações (tais como ouvidorias, SAC, canais ligados a órgãos públicos, plataformas do consumidor, plataformas de reclamação), bem como de textos pertencentes a gêneros que circulam nesses espaços, reclamação ou carta de reclamação, solicitação ou carta de solicitação, como forma de ampliar as possibilidades de produção desses textos em casos que remetam a reivindicações que envolvam a escola, a comunidade ou algum de seus membros como forma de se engajar na busca de solução de problemas pessoais, dos outros e coletivos.",Leitura,"Contexto de produção, circulação e recepção de textos e práticas relacionadas à defesa de direitos e à participação social",sim,AF,"EF04LP10, EF04LP11 e EF03LP18","• Explorar e analisar espaços de reclamação de direitos e de envio de solicitações.
• Reconhecer gêneros que circulam nesses espaços, reclamação ou carta de reclamação, solicitação ou carta de solicitação.
• Ampliar as possibilidades de produção desses textos em casos que remetam a reivindicações.","CG:  2 e 4
CA: 2 e 3
CE: 2, 3 e 5","EF: EF69LP05, EF69LP27, EF69LP32                           AF: EF67LP15
EF67LP17
, EF67LP18,
EF67LP19
AC: EF06LP07, EF67LP18, EF67LP19, EF67LP26","A habilidade propõe o reconhecimento de espaços de reclamação de direitos e envio de solicitações de modo a ampliar sua participação social. Sugere-se que ela seja desenvolvida por meio de um projeto que envolva a comunidade escolar para que os estudantes identifiquem uma questão a ser resolvida e a relacione aos textos e instâncias que podem ajudá-los na resolução. Outra possibilidade é propor atividades que envolvam o uso de ferramentas digitais para que os estudantes possam explorar os espaços propostos na habilidade, como ouvidorias, SAC, canais ligados a órgãos públicos, plataformas do consumidor, plataformas de reclamação, entre outros.
A partir do reconhecimento dos espaços, pode-se propor que, em grupos, os estudantes reconheçam os gêneros que ali circulam, como a reclamação ou carta de reclamação e a solicitação ou carta de solicitação. A leitura dos textos pode ser feita de maneira coletiva, em duplas ou grupos e, nesses casos, ferramentas de apoio, como tabelas podem ser usadas para sistematizar as características e a linguagem mais comuns nesses gêneros.  A respeito da linguagem, sugere-se articular habilidades complementares que tenham relevância no sentido dos textos, como as habilidades EF67LP18, EF67LP19,"
EF67LP17,Ensino Fundamental,67,,Língua Portuguesa,17,"Analisar, a partir do contexto de produção, a forma de organização das cartas de solicitação e de reclamação (datação, forma de início, apresentação contextualizada do pedido ou da reclamação, em geral, acompanhada de explicações, argumentos e/ou relatos do problema, fórmula de finalização mais ou menos cordata, dependendo do tipo de carta e subscrição) e algumas das marcas linguísticas relacionadas à argumentação, explicação ou relato de fatos, como forma de possibilitar a escrita fundamentada de cartas como essas ou de postagens em canais próprios de reclamações e solicitações em situações que envolvam questões relativas à escola, à comunidade ou a algum dos seus membros.",Leitura,"Relação entre contexto de produção e características composicionais e estilísticas dos gêneros (carta de solicitação, carta de reclamação, petição on-line , carta aberta, abaixo-assinado, proposta etc.)",sim,AF,EF04LP10 e EF04LP11,"• Reconhecer a forma organizacional de cartas de solicitação e reclamação.
• Reconhecer marcas linguísticas para argumentar, explicar ou apresentar fatos.
• Analisar, de acordo com o contexto de produção, cartas de reclamação e solicitação.","CG:  2 e 4
CA: 2 e 3
CE: 2, 3, 5 e 7","EF: EF69LP27, EF69LP32                                        AC: EF06LP07, EF67LP18 , EF67LP19, EF67LP26, EF67LP37","A habilidade pressupõe a análise de cartas de solicitação e reclamação, ou seja, além de reconhecer sua estrutura, é importante que o estudante também reconheça as marcas linguísticas características desses gêneros e as relacione. Para desenvolver as aprendizagens propostas, sugere-se que sejam apresentadas atividades de leitura de cartas de solicitação e reclamação em rodas ou pequenos grupos para estabelecer as diferenças entre seus suportes e funções sociais. Nesse sentido, pode-se procurar estabelecer, coletivamente, um painel comparativo que mostre as semelhanças e as diferenças na estrutura dos textos. Em relação às marcas linguísticas, pode-se propor a análise de expressões que demonstram insatisfação de maneira mais ou menos polida bem como expressões para fazer solicitações. A avaliação da habilidade pode ser feita por meio de registros do estudante ou ainda por meio de um questionário autoavaliativo a fim de que ele se perceba no processo."
EF67LP18,Ensino Fundamental,67,,Língua Portuguesa,18,"Identificar o objeto da reclamação e/ou da solicitação e sua sustentação, explicação ou justificativa, de forma a poder analisar a pertinência da solicitação ou justificação.",Leitura,"Estratégias, procedimentos de leitura em textos reivindicatórios ou propositivos",,,,,,,
EF67LP19,Ensino Fundamental,67,,Língua Portuguesa,19,"Realizar levantamento de questões, problemas que requeiram a denúncia de desrespeito a direitos, reivindicações, reclamações, solicitações que contemplem a comunidade escolar ou algum de seus membros e examinar normas e legislações.",Produção de textos,Estratégia de produção: planejamento de textos reivindicatórios ou propositivos,,,,,,,
EF67LP20,Ensino Fundamental,67,,Língua Portuguesa,20,"Realizar pesquisa, a partir de recortes e questões definidos previamente, usando fontes indicadas e abertas.",Leitura,Curadoria de informação,sim,AF,"EF35LP19, EF04LP21 e EF05LP24","• Utilizar diferentes ferramentas de curadoria de informações.
• Verificar a fidedignidade das fontes pesquisadas.
• Realizar pesquisa, a partir de recortes e questões definidos previamente.","CG: 2
CA: 2
CE: 2, 8","EF: EF69LP32, EF69LP34                            AF: EF67LP21
AC: EF67LP23, EF67LP26 e EF67LP36","Essa habilidade tem foco na curadoria de informações e pressupõe a construção de procedimentos e estratégias de pesquisa a fim de que os estudantes aprendam a aprender. Além disso, aponta para a própria pesquisa em si, dentro de um recorte e de questões orientadoras definidas previamente pelo professor, juntamente com seus estudantes, que deve lhes apresentar as fontes abertas e confiáveis (livros, revistas, sites etc.) em que as pesquisas podem ser realizadas. No 6º e 7º ano, os estudantes ainda precisam da mediação do professor, pois estão aprendendo procedimentos para entender como pesquisar, o que pesquisar, onde pesquisar, que instrumentos e fontes utilizar para pesquisar, compreendendo a importância das fontes confiáveis. A progressão da habilidade, nesse caso, estará relacionada ao tipo de pesquisa proposta, à complexidade dos temas e aos campos em que a pesquisa ocorrerá."
EF67LP21,Ensino Fundamental,67,,Língua Portuguesa,21,"Divulgar resultados de pesquisas por meio de apresentações orais, painéis, artigos de divulgação científica, verbetes de enciclopédia, podcasts científicos etc.",Produção de textos,"Estratégias de escrita: textualização, revisão e edição",sim,AF,,"• Reconhecer e selecionar o gênero de divulgação adequado ao contexto.
• Reconhecer as características do gênero.
• Planejar o texto com a utilização de esquemas, tabelas e mapas mentais.
• Revisar o texto a partir de critérios preestabelecidos.
• Reescrever e editar o texto.","CG:2, 5
CA:2
CE: 2, 3,5,","EF: EF69LP34, EF69LP29    , EF69LP32                                                AF: EF67LP21
AC: EF67LP23, EF67LP26, EF67LP32, EF67LP33 e EF67LP36","Com foco nos textos de divulgação científica (orais, escritos e multissemióticos), esta habilidade promove o desenvolvimento e a utilização de procedimentos e estratégias para que os estudantes possam compreender sua finalidade, tipos de conhecimento que divulgam (dependendo da área de saber), o público-alvo, os contextos de divulgação e, sobretudo, sua organização tópica e hierarquização das informações. Em complemento à EF67LP20, é preciso que os estudantes estejam inseridos em situações didáticas que promovam essa sequência de ações interligadas: primeiro se faz a pesquisa para depois divulgá-la. Nesse sentido, conhecer diferentes gêneros discursivos próprios do campo das práticas de estudo e pesquisa, seus contextos de produção, recepção e circulação textual (Quem escreve? Para quem se escreve? O que se escreve? Como se escreve? Por quais meios se divulga?) permite a progressão das aprendizagens, considerando a complexidade das situações em que as pesquisas se inserem e como são divulgadas. Esse conhecimento é determinante para produção dos textos, uma vez que a habilidade pressupõem que os estudantes divulguem os saberes pesquisados por meio de diferentes gêneros, determinados justamente pelo contexto e a finalidade da pesquisa realizada. Também aqui é preciso considerar que todo o trabalho de produção dos textos de divulgação seja orientado pelo professor a fim de que os estudantes possam também construir estratégias e procedimentos de produção textual."
EF67LP22,Ensino Fundamental,67,,Língua Portuguesa,22,"Produzir resumos, a partir das notas e/ou esquemas feitos, com o uso adequado de paráfrases e citações.",Produção de textos,"Estratégias de escrita: textualização, revisão e edição",sim,AF,,"• Selecionar as ideias principais de um texto organizando-as em notas ou esquema.
• Planejar o texto.
• Produzir o texto, parafraseando informações e utilizando mecanismos linguísticos da citação.","CG:2
CA: 2
CE: 2, 3, 8,","EF: EF69LP32, EF69LP34                            AF: EF67LP24,  EF67LP25
AC: EF06LP06,  EF67LP32, EF67LP33, EF67LP36,  EF67LP37,  EF06LP11, EF06LP12","Com foco no eixo da produção escrita, essa habilidade apresenta outra forma importante de construir procedimentos e estratégias de estudo e pesquisa. Se, na habilidade EF67LP21, os estudantes leram textos sobre um determinado assunto, usando diferentes estratégias de leitura, agora devem ter a capacidade de resumir as informações dos textos lidos. Para tanto, precisam conhecer e utilizaroutras estratégias próprias da escrita, tais como: paráfrases, marcas do discurso reportado (o autor disse; conforme afirmado por etc.) e de citações explícitas, com o uso de aspas, por exemplo. Dada a complexidade de se produzir o gênero resumo, ele deve ser retomado em todas as séries para que os procedimentos de produção possam ser, de fato, dominados pelos estudantes. Além disso, essa habilidade também pressupõe o conhecimento de outros gêneros, como tomada de notas e esquemas, e conhecimento de recursos discursivos, como as paráfrases e citações, a fim de sintetizar e organizar os resultados do que foi pesquisado e apresentá-los. A proposta da habilidade é que, ao experimentarem esses procedimentos, os estudantes se apropriem deles, construindo um saber sobre o conhecimento científico."
EF67LP23,Ensino Fundamental,67,,Língua Portuguesa,23,"Respeitar os turnos de fala, na participação em conversações e em discussões ou atividades coletivas, na sala de aula e na escola e formular perguntas coerentes e adequadas em momentos oportunos em situações de aulas, apresentação oral, seminário etc.",Oralidade,Conversação espontânea,,,,,,,
EF67LP24,Ensino Fundamental,67,,Língua Portuguesa,24,"Tomar nota de aulas, apresentações orais, entrevistas (ao vivo, áudio, TV, vídeo), identificando e hierarquizando as informações principais, tendo em vista apoiar o estudo e a produção de sínteses e reflexões pessoais ou outros objetivos em questão.",Oralidade,Tomada de nota,sim,AF,EF35LP06 e EF35LP08,"• Tomar notas de aulas, apresentações e entrevistas.
• Selecionar e hierarquizar informações.
• Utilizar critérios de organização tópica.","CG: 2
CA: 2
CE: 2, 3","EF: EF69LP29, EF69LP34   AF: EF67LP25   AC: EF69LP26","Esta habilidade pressupõe algumas capacidade importantes que precisam ser construídas e ativadas nos processos de estudo e de pesquisa a fim de que o estudante construa autonomia e capacidade investigativa, fomentando a curiosidade intelectual e sendo impulsionado na busca de informações e construção de saberes sobre diferentes temas e áreas de conhecimento. Dessa forma, além de saber buscar as informações e dados em fontes confiáveis, precisa saber dar o tratamento adequado aos resultados dessa busca: selecionar os dados e as informações pertinentes ao propósito da pesquisa para indicar seu grau de relevância (identificar e hierarquizar as informações principais), a fim de que possam ser usadas na produção de resumos e na própria construção de reflexões e posicionamentos críticos sobre os conteúdos estudados. Essa capacidade de tomar nota também possibilita que os estudantes aprendam a fazer recortes para evitar informações e dados desnecessários. Assim, os estudantes podem construir um saber sobre esse gênero instrumental em situações didáticas intencionais por meio das quais reflitam sobre o porquê tomar notas de um assunto; quando precisam tomar notas; o que priorizar ao tomar notas de um texto lido, assistido ou ouvido; quais critérios utilizar para definir prioridades na tomada de nota; que estratégias e recursos utilizar para tomar notas (palavras e frases em tópicos; palavras e frases numeradas,  organizadas por meio de setas, esquemas, diagramas etc.)."
EF67LP25,Ensino Fundamental,67,,Língua Portuguesa,25,"Reconhecer e utilizar os critérios de organização tópica (do geral para o específico, do específico para o geral etc.), as marcas linguísticas dessa organização (marcadores de ordenação e enumeração, de explicação, definição e exemplificação, por exemplo) e os mecanismos de paráfrase, de maneira a organizar mais adequadamente a coesão e a progressão temática de seus textos.",Análise linguística/semiótica,Progressão temática,sim,AF,,"• Identificar e fazer uso de critérios de organização tópica.
• Utilizar recurso coesivo e de progressão temática dos textos.","CG: 2,5
CA: 2
CE: 2, 3","EF:  EF69LP29, EF69LP30, EF69LP33, EF69LP34, EF69LP53         AF: EF67LP24
AC: EF67LP33, EF67LP36 e EF67LP26","Esta habilidade dialoga com a EF67LP24, porque alicerçam o processo de curadoria nos processos de pesquisa e apontam elementos importantes para garantir o foco na seleção, na hierarquização das ideias e na organização das informações pesquisadas. Nesse sentido, devido à amplitude e à complexidade dos recursos e mecanismos indicados, é preciso que o trabalho com cada um desses elementos seja feito de forma progressiva, planejada e intencional, sendo eles próprios objetos de conhecimento foco da aprendizagem dos estudantes, sendo estudados, comparados, analisados para que se apropriem deles e possam utilizá-los de acordo com cada pesquisa, leitura e produção de textos, em diferentes áreas do conhecimento. Além disso, o reconhecimento desses elementos permite ao estudante compreender como se dá a progressão temática dos textos por meio dos mecanismos coesivos que as conectam e organizam."
EF67LP26,Ensino Fundamental,67,,Língua Portuguesa,26,Reconhecer a estrutura de hipertexto em textos de divulgação científica e proceder à remissão a conceitos e relações por meio de notas de rodapés ou boxes.,Análise linguística/semiótica,Textualização,,,,,,,
EF67LP27,Ensino Fundamental,67,,Língua Portuguesa,27,"Analisar, entre os textos literários e entre estes e outras manifestações artísticas (como cinema, teatro, música, artes visuais e midiáticas), referências explícitas ou implícitas a outros textos, quanto aos temas, personagens e recursos literários e semióticos",Leitura,Relação entre textos,sim,AF,"EF35LP24, EF04LP25 e EF04LP27","• Selecionar procedimentos e estratégias de leitura adequados aos objetivos e às características dos gêneros e suportes.
• Tecer comentários e avaliações sobre os textos lidos.","CG: 3
CA: 5
CE: 5, 7, 9","EF: EF69LP05, EF69LP44, EF69LP53, EF69LP54,EF67LP28 AC: EF67LP37,  EF67LP38","Esta habilidade tem foco na leitura e na formação do leitor de textos literário e artísticos e multissemióticos, considerando o desenvolvimento da capacidade analítica. Além disso, pressupõe a construção do conceito de intertextualidade, considerando que os estudantes precisam reconhecer referências de um texto em outros textos e tipos de intertextualidade (por paráfrase; referência ou alusão; paródia; citação), considerando a progressão do menos complexo (referências explícitas) para o mais complexo (referências implícitas). Para tanto, é preciso que construam e utilizem diferentes estratégias e procedimentos de leitura que lhes permitam ler, comparar, reconhecer e relacionar as referências intertextuais de forma progressiva. Por exemplo: analisar as relações intertextuais entre o mesmo gênero (o diálogo entre poemas); analisar as relações intertextuais entre gêneros diferentes, contudo, ainda composto por versos (diálogo entre poema e letra de música); analisar comparativamente textos com diferentes linguagens (romance e filme/poema e HQ/ conto e peça teatral) que façam referência a textos originais."
EF67LP28,Ensino Fundamental,67,,Língua Portuguesa,28,"Ler, de forma autônoma, e compreender – selecionando procedimentos e estratégias de leitura adequados a diferentes objetivos e levando em conta características dos gêneros e suportes –, romances infantojuvenis, contos populares, contos de terror, lendas brasileiras, indígenas e africanas, narrativas de aventuras, narrativas de enigma, mitos, crônicas, autobiografias, histórias em quadrinhos, mangás, poemas de forma livre e fixa (como sonetos e cordéis), vídeo-poemas, poemas visuais, dentre outros, expressando avaliação sobre o texto lido e estabelecendo preferências por gêneros, temas, autores.",Leitura,Apreciação e réplica,,,,,,,
EF67LP29,Ensino Fundamental,67,,Língua Portuguesa,29,"Identificar, em texto dramático, personagem, ato, cena, fala e indicações cênicas e a organização do texto: enredo, conflitos, ideias principais, pontos de vista, universos de referência.",Leitura,Efeitos de sentidos provocados pelos usos de recursos linguísticos e multissemióticos,sim,AF,EF35LP25,"• Identificar, em textos dramáticos, a estrutura (personagem, ato, cena, fala e indicações cênicas).
• Identificar, em textos dramáticos, a organização do  texto em relação ao enredo, conflitos, ideias principais, pontos de vista, universos de referência.","CG:3
CA: 5
CE: 7, 9","EF:  EF69LP44, EF69LP53, EF69LP54, EF67LP28       AC: EF67LP33, EF67LP36, EF67LP38, EF69LP52","Esta habilidade trata dos elementos do texto dramático e sua estrutura organizacional, pressupondo tanto as práticas de leitura quanto as práticas de oralidade. Para isso, é necessário que os estudantes tenham contato com esse gênero textual a fim de reconhecerem essas características e ampliarem seu repertório temático e sobre o gênero discursivo, construindo uma percepção de como ele se organiza e se configura.  A criação de um espaço cênico adequado à leitura, bem como a exploração de possibilidades de figurino, aspectos inerentes ao teatro, podem imprimir maior sentido a essa prática de leitura e engajamento dos estudantes. Nesse sentido, é preciso que os estudantes experimentem as leituras de textos dramáticos, vivenciem práticas de compartilhamento, encene-os, construam repertório sobre o gênero e suas temáticas, compare-os e relacione-os com seu contexto de produção, circulação e recepção. Pois, somente desse modo, eles construirão um conhecimento que lhes permita perceber que os textos dramáticos traduzem as múltiplas perspectivas da vida humana e social e estão carregados da dimensão cultural, política e social da comunidade a que pertencem. Com isso, os estudantes poderão enriquecer sua visão de mundo, ao construírem um saber e uma compreensão sobre como os indivíduos e o mundo são apreendidos pela literatura."
EF67LP30,Ensino Fundamental,67,,Língua Portuguesa,30,"Criar narrativas ficcionais, tais como contos populares, contos de suspense, mistério, terror, humor, narrativas de enigma, crônicas, histórias em quadrinhos, dentre outros, que utilizem cenários e personagens realistas ou de fantasia, observando os elementos da estrutura narrativa próprios ao gênero pretendido, tais como enredo, personagens, tempo, espaço e narrador, utilizando tempos verbais adequados à narração de fatos passados, empregando conhecimentos sobre diferentes modos de se iniciar uma história e de inserir os discursos direto e indireto.",Produção de textos,Relação entre textos,sim,AF,"EF15LP17, EF35LP31 e EF04LP26","• Empregar conhecimentos sobre diferentes modos de iniciar uma narrativas;
Utilizar tempos verbais adequados na produção de narrativas.
• Fazer uso de pontuação e elementos coesivos adequados para inserir  discursos direto e indireto na produção de narrativas.
• Aplicar conhecimentos sobre a estrutura narrativa e os elementos da narrativa para produzir diferentes contos, crônicas, histórias em quadrinhos e demais gêneros narrativos.","CG: 3
CA: 5
CE: 3,6,9","EF: EF67LP28, EF69LP47,  EF69LP53, EF69LP54                                     AC: EF06LP05, EF06LP11, EF06LP12, EF67LP37, EF67LP32,  EF67LP33, EF67LP36, EF67LP37, EF67LP38","A produção textual, nesta habilidade, pressupõe vários conhecimentos, como o do reconhecimento da temática e da estrutura textual e dos recursos expressivos de cada gênero discursivo que será produzido. Esses conhecimentos internos apontam um percurso progressivo de construção de um saber sobre os textos narrativos, de diferentes gêneros, tendo de ser capaz de produzi-los. Além disso, também pressupõe a experimentação do fazer literário dos gêneros literários narrativos, que será ampliado ao longo dos últimos anos desta etapa. Como as narrativas propostas nesta habilidade inserem-se no campo artístico-literário, para desenvolvê-la, é preciso que os estudantes construam um repertório sobre os gêneros, suas características, temáticas e estilo, bem como os aspectos linguísticos (como tempos verbais e discursos direto e indireto, por exemplo) e semióticos (os elementos não verbais que compõem as HQs, por exemplo) que os organizam e promovem a construção de sentidos. Um outro aspecto importante é que, à medida que os estudantes participam de práticas de leitura e produção literárias desenvolvem capacidades de apreensão de diferentes nuances dos textos e camadas de sentidos; e desenvolvem senso e capacidade de fruição estética, o que é fundamental para a formação do leitor literário."
EF67LP31,Ensino Fundamental,67,,Língua Portuguesa,31,"Criar poemas compostos por versos livres e de forma fixa (como quadras e sonetos), utilizando recursos visuais, semânticos e sonoros, tais como cadências, ritmos e rimas, e poemas visuais e vídeo-poemas, explorando as relações entre imagem e texto verbal, a distribuição da mancha gráfica (poema visual) e outros recursos visuais e sonoros.",Produção de textos,Relação entre textos,sim,AF,,"• Reconhecer a forma composicional de diferentes tipos de poema.
• Identificar, em poemas, recursos visuais, semânticos e sonoros.
• Criar poemas, considerando as demandas do gênero, o contexto de produção e a exploração da multissemiose.","CG: 3
CA: 5
CE: 3, 7 e 9","EF: EF69LP48, EF69LP53, EF69LP54 ,EF67LP28            AC: EF06LP11, EF67LP32, EF67LP36,  EF67LP37, EF67LP38","Assim como a habilidade EF67LP30, a criação de poemas implica a construção de repertório sobre o gênero. Por isso, é preciso que os estudantes experimentem as leituras desses textos, vivenciem práticas de compartilhamento, construam repertório a partir de cada poema, compare-os e relacione-os com seu contexto de produção, circulação e recepção. Pois, somente desse modo, eles construirão um conhecimento que lhes permita perceber que os poemas são a manifestação livre e subjetiva do olhar do eu lírico sobre o mundo. A habilidade também trata da produção de poemas, considerando os tipos de versos e suas formas multissemióticas. Para tanto, está pressuposto que os estudantes possam experimentar compor seus próprios poemas, utilizando todas as formas e tipos de versos em contextos de práticas sociais; ou seja, considerando todo o processo de produção textual (planejamento, textualização, revisão, reescrita, edição/publicação) e seus contextos de circulação e recepção."
EF67LP32,Ensino Fundamental,67,,Língua Portuguesa,32,"Escrever palavras com correção ortográfica, obedecendo as convenções da língua escrita.",Análise linguística/semiótica,Fono-ortografia,,,,,,,
EF67LP33,Ensino Fundamental,67,,Língua Portuguesa,33,Pontuar textos adequadamente.,Análise linguística/semiótica,Elementos notacionais da escrita,,,,,,,
EF67LP34,Ensino Fundamental,67,,Língua Portuguesa,34,Formar antônimos com acréscimo de prefixos que expressam noção de negação.,Análise linguística/semiótica,Léxico/morfologia,,,,,,,
EF67LP35,Ensino Fundamental,67,,Língua Portuguesa,35,Distinguir palavras derivadas por acréscimo de afixos e palavras compostas.,Análise linguística/semiótica,Léxico/morfologia,,,,,,,
EF67LP36,Ensino Fundamental,67,,Língua Portuguesa,36,"Utilizar, ao produzir texto, recursos de coesão referencial (léxica e pronominal) e sequencial e outros recursos expressivos adequados ao gênero textual.",Análise linguística/semiótica,Coesão,,,,,,,
EF67LP37,Ensino Fundamental,67,,Língua Portuguesa,37,"Analisar, em diferentes textos, os efeitos de sentido decorrentes do uso de recursos linguístico-discursivos de prescrição, causalidade, sequências descritivas e expositivas e ordenação de eventos.",Análise linguística/semiótica,Sequências textuais,,,,,,,
EF67LP38,Ensino Fundamental,67,,Língua Portuguesa,38,"Analisar os efeitos de sentido do uso de figuras de linguagem, como comparação, metáfora, metonímia, personificação, hipérbole, dentre outras.",Análise linguística/semiótica,Figuras de linguagem,,,,,,,
EF69AR01,Ensino Fundamental,69,,Arte,01,"Pesquisar, apreciar e analisar formas distintas das artes visuais tradicionais e contemporâneas, em obras de artistas brasileiros e estrangeiros de diferentes épocas e em diferentes matrizes estéticas e culturais, de modo a ampliar a experiência com diferentes contextos e práticas artístico-visuais e cultivar a percepção, o imaginário, a capacidade de simbolizar e o repertório imagético.",Artes visuais,Contextos e práticas,,,,,,,
EF69AR02,Ensino Fundamental,69,,Arte,02,"Pesquisar e analisar diferentes estilos visuais, contextualizando-os no tempo e no espaço.",Artes visuais,Contextos e práticas,,,,,,,
EF69AR03,Ensino Fundamental,69,,Arte,03,"Analisar situações nas quais as linguagens das artes visuais se integram às linguagens audiovisuais (cinema, animações, vídeos etc.), gráficas (capas de livros, ilustrações de textos diversos etc.), cenográficas, coreográficas, musicais etc.",Artes visuais,Contextos e práticas,,,,,,,
EF69AR04,Ensino Fundamental,69,,Arte,04,"Analisar os elementos constitutivos das artes visuais (ponto, linha, forma, direção, cor, tom, escala, dimensão, espaço, movimento etc.) na apreciação de diferentes produções artísticas.",Artes visuais,Elementos da linguagem,,,,,,,
EF69AR05,Ensino Fundamental,69,,Arte,05,"Experimentar e analisar diferentes formas de expressão artística (desenho, pintura, colagem, quadrinhos, dobradura, escultura, modelagem, instalação, vídeo, fotografia, performance etc.).",Artes visuais,Materialidades,,,,,,,
EF69AR06,Ensino Fundamental,69,,Arte,06,"Desenvolver processos de criação em artes visuais, com base em temas ou interesses artísticos, de modo individual, coletivo e colaborativo, fazendo uso de materiais, instrumentos e recursos convencionais, alternativos e digitais.",Artes visuais,Processos de criação,,,,,,,
EF69AR07,Ensino Fundamental,69,,Arte,07,"Dialogar com princípios conceituais, proposições temáticas, repertórios imagéticos e processos de criação nas suas produções visuais.",Artes visuais,Processos de criação,,,,,,,
EF69AR08,Ensino Fundamental,69,,Arte,08,"Diferenciar as categorias de artista, artesão, produtor cultural, curador, designer, entre outras, estabelecendo relações entre os profissionais do sistema das artes visuais.",Artes visuais,Sistemas da linguagem,,,,,,,
EF69AR09,Ensino Fundamental,69,,Arte,09,"Pesquisar e analisar diferentes formas de expressão, representação e encenação da dança, reconhecendo e apreciando composições de dança de artistas e grupos brasileiros e estrangeiros de diferentes épocas.",Dança,Contextos e práticas,,,,,,,
EF69AR10,Ensino Fundamental,69,,Arte,10,"Explorar elementos constitutivos do movimento cotidiano e do movimento dançado, abordando, criticamente, o desenvolvimento das formas da dança em sua história tradicional e contemporânea.",Dança,Elementos da linguagem,,,,,,,
EF69AR11,Ensino Fundamental,69,,Arte,11,"Experimentar e analisar os fatores de movimento (tempo, peso, fluência e espaço) como elementos que, combinados, geram as ações corporais e o movimento dançado.",Dança,Elementos da linguagem,,,,,,,
EF69AR12,Ensino Fundamental,69,,Arte,12,Investigar e experimentar procedimentos de improvisação e criação do movimento como fonte para a construção de vocabulários e repertórios próprios.,Dança,Processos de criação,,,,,,,
EF69AR13,Ensino Fundamental,69,,Arte,13,"Investigar brincadeiras, jogos, danças coletivas e outras práticas de dança de diferentes matrizes estéticas e culturais como referência para a criação e a composição de danças autorais, individualmente e em grupo.",Dança,Processos de criação,,,,,,,
EF69AR14,Ensino Fundamental,69,,Arte,14,"Analisar e experimentar diferentes elementos (figurino, iluminação, cenário, trilha sonora etc.) e espaços (convencionais e não convencionais) para composição cênica e apresentação coreográfica.",Dança,Processos de criação,,,,,,,
EF69AR15,Ensino Fundamental,69,,Arte,15,"Discutir as experiências pessoais e coletivas em dança vivenciadas na escola e em outros contextos, problematizando estereótipos e preconceitos.",Dança,Processos de criação,,,,,,,
EF69AR16,Ensino Fundamental,69,,Arte,16,"Analisar criticamente, por meio da apreciação musical, usos e funções da música em seus contextos de produção e circulação, relacionando as práticas musicais às diferentes dimensões da vida social, cultural, política, histórica, econômica, estética e ética.",Música,Contextos e práticas,,,,,,,
EF69AR17,Ensino Fundamental,69,,Arte,17,"Explorar e analisar, criticamente, diferentes meios e equipamentos culturais de circulação da música e do conhecimento musical.",Música,Contextos e práticas,,,,,,,
EF69AR18,Ensino Fundamental,69,,Arte,18,Reconhecer e apreciar o papel de músicos e grupos de música brasileiros e estrangeiros que contribuíram para o desenvolvimento de formas e gêneros musicais.,Música,Contextos e práticas,,,,,,,
EF69AR19,Ensino Fundamental,69,,Arte,19,"Identificar e analisar diferentes estilos musicais, contextualizando-os no tempo e no espaço, de modo a aprimorar a capacidade de apreciação da estética musical.",Música,Contextos e práticas,,,,,,,
EF69AR20,Ensino Fundamental,69,,Arte,20,"Explorar e analisar elementos constitutivos da música (altura, intensidade, timbre, melodia, ritmo etc.), por meio de recursos tecnológicos (games e plataformas digitais), jogos, canções e práticas diversas de composição/criação, execução e apreciação musicais.",Música,Elementos da linguagem,,,,,,,
EF69AR21,Ensino Fundamental,69,,Arte,21,"Explorar e analisar fontes e materiais sonoros em práticas de composição/criação, execução e apreciação musical, reconhecendo timbres e características de instrumentos musicais diversos.",Música,Materialidades,,,,,,,
EF69AR22,Ensino Fundamental,69,,Arte,22,"Explorar e identificar diferentes formas de registro musical (notação musical tradicional, partituras criativas e procedimentos da música contemporânea), bem como procedimentos e técnicas de registro em áudio e audiovisual.",Música,Notação e registro musical,,,,,,,
EF69AR23,Ensino Fundamental,69,,Arte,23,"Explorar e criar improvisações, composições, arranjos, jingles, trilhas sonoras, entre outros, utilizando vozes, sons corporais e/ou instrumentos acústicos ou eletrônicos, convencionais ou não convencionais, expressando ideias musicais de maneira individual, coletiva e colaborativa.",Música,Processos de criação,,,,,,,
EF69AR24,Ensino Fundamental,69,,Arte,24,"Reconhecer e apreciar artistas e grupos de teatro brasileiros e estrangeiros de diferentes épocas, investigando os modos de criação, produção, divulgação, circulação e organização da atuação profissional em teatro.",Teatro,Contextos e práticas,,,,,,,
EF69AR25,Ensino Fundamental,69,,Arte,25,"Identificar e analisar diferentes estilos cênicos, contextualizando-os no tempo e no espaço de modo a aprimorar a capacidade de apreciação da estética teatral.",Teatro,Contextos e práticas,,,,,,,
EF69AR26,Ensino Fundamental,69,,Arte,26,"Explorar diferentes elementos envolvidos na composição dos acontecimentos cênicos (figurinos, adereços, cenário, iluminação e sonoplastia) e reconhecer seus vocabulários.",Teatro,Elementos da linguagem,,,,,,,
EF69AR27,Ensino Fundamental,69,,Arte,27,"Pesquisar e criar formas de dramaturgias e espaços cênicos para o acontecimento teatral, em diálogo com o teatro contemporâneo.",Teatro,Processos de criação,,,,,,,
EF69AR28,Ensino Fundamental,69,,Arte,28,Investigar e experimentar diferentes funções teatrais e discutir os limites e desafios do trabalho artístico coletivo e colaborativo.,Teatro,Processos de criação,,,,,,,
EF69AR29,Ensino Fundamental,69,,Arte,29,Experimentar a gestualidade e as construções corporais e vocais de maneira imaginativa na improvisação teatral e no jogo cênico.,Teatro,Processos de criação,,,,,,,
EF69AR30,Ensino Fundamental,69,,Arte,30,"Compor improvisações e acontecimentos cênicos com base em textos dramáticos ou outros estímulos (música, imagens, objetos etc.), caracterizando personagens (com figurinos e adereços), cenário, iluminação e sonoplastia e considerando a relação com o espectador.",Teatro,Processos de criação,,,,,,,
EF69AR31,Ensino Fundamental,69,,Arte,31,"Relacionar as práticas artísticas às diferentes dimensões da vida social, cultural, política, histórica, econômica, estética e ética.",Artes integradas,Contextos e práticas,,,,,,,
EF69AR32,Ensino Fundamental,69,,Arte,32,"Analisar e explorar, em projetos temáticos, as relações processuais entre diversas linguagens artísticas.",Artes integradas,Processos de criação,,,,,,,
EF69AR33,Ensino Fundamental,69,,Arte,33,"Analisar aspectos históricos, sociais e políticos da produção artística, problematizando as narrativas eurocêntricas e as diversas categorizações da arte (arte, artesanato, folclore, design etc.).",Artes integradas,Matrizes estéticas e culturais,,,,,,,
EF69AR34,Ensino Fundamental,69,,Arte,34,"Analisar e valorizar o patrimônio cultural, material e imaterial, de culturas diversas, em especial a brasileira, incluindo suas matrizes indígenas, africanas e europeias, de diferentes épocas, e favorecendo a construção de vocabulário e repertório relativos às diferentes linguagens artísticas.",Artes integradas,Patrimônio cultural,,,,,,,
EF69AR35,Ensino Fundamental,69,,Arte,35,"Identificar e manipular diferentes tecnologias e recursos digitais para acessar, apreciar, produzir, registrar e compartilhar práticas e repertórios artísticos, de modo reflexivo, ético e responsável.",Artes integradas,Arte e tecnologia,,,,,,,
EF69LP01,Ensino Fundamental,69,,Língua Portuguesa,01,"Diferenciar liberdade de expressão de discursos de ódio, posicionando-se contrariamente a esse tipo de discurso e vislumbrando possibilidades de denúncia quando for o caso.",Leitura,Relação entre gêneros e mídias,,,,,,,
EF69LP02,Ensino Fundamental,69,,Língua Portuguesa,02,"Analisar e comparar peças publicitárias variadas (cartazes, folhetos, outdoor, anúncios e propagandas em diferentes mídias, spots, jingle, vídeos etc.), de forma a perceber a articulação entre elas em campanhas, as especificidades das várias semioses e mídias, a adequação dessas peças ao público-alvo, aos objetivos do anunciante e/ou da campanha e à construção composicional e estilo dos gêneros em questão, como forma de ampliar suas possibilidades de compreensão (e produção) de textos pertencentes a esses gêneros.",Leitura,Relação entre gêneros e mídias,,,,,,,
EF69LP03,Ensino Fundamental,69,,Língua Portuguesa,03,"Identificar, em notícias, o fato central, suas principais circunstâncias e eventuais decorrências; em reportagens e fotorreportagens o fato ou a temática retratada e a perspectiva de abordagem, em entrevistas os principais temas/subtemas abordados, explicações dadas ou teses defendidas em relação a esses subtemas; em tirinhas, memes, charge, a crítica, ironia ou humor presente.",Leitura,Estratégia de leitura: apreender os sentidos globais do texto,,,,,,,
EF69LP04,Ensino Fundamental,69,,Língua Portuguesa,04,"Identificar e analisar os efeitos de sentido que fortalecem a persuasão nos textos publicitários, relacionando as estratégias de persuasão e apelo ao consumo com os recursos linguístico-discursivos utilizados, como imagens, tempo verbal, jogos de palavras, figuras de linguagem etc., com vistas a fomentar práticas de consumo conscientes.",Leitura,Efeitos de sentido,,,,,,,
EF69LP05,Ensino Fundamental,69,,Língua Portuguesa,05,"Inferir e justificar, em textos multissemióticos – tirinhas, charges, memes, gifs etc. –, o efeito de humor, ironia e/ou crítica pelo uso ambíguo de palavras, expressões ou imagens ambíguas, de clichês, de recursos iconográficos, de pontuação etc.",Leitura,Efeitos de sentido,,,,,,,
EF69LP06,Ensino Fundamental,69,,Língua Portuguesa,06,"Produzir e publicar notícias, fotodenúncias, fotorreportagens, reportagens, reportagens multimidiáticas, infográficos, podcasts noticiosos, entrevistas, cartas de leitor, comentários, artigos de opinião de interesse local ou global, textos de apresentação e apreciação de produção cultural – resenhas e outros próprios das formas de expressão das culturas juvenis, tais como vlogs e podcasts culturais, gameplay, detonado etc.– e cartazes, anúncios, propagandas, spots, jingles de campanhas sociais, dentre outros em várias mídias, vivenciando de forma significativa o papel de repórter, de comentador, de analista, de crítico, de editor ou articulista, de booktuber, de vlogger (vlogueiro) etc., como forma de compreender as condições de produção que envolvem a circulação desses textos e poder participar e vislumbrar possibilidades de participação nas práticas de linguagem do campo jornalístico e do campo midiático de forma ética e responsável, levando-se em consideração o contexto da Web 2.0, que amplia a possibilidade de circulação desses textos e “funde” os papéis de leitor e autor, de consumidor e produtor.",Produção de textos,Relação do texto com o contexto de produção e experimentação de papéis sociais,,,,,,,
EF69LP07,Ensino Fundamental,69,,Língua Portuguesa,07,"Produzir textos em diferentes gêneros, considerando sua adequação ao contexto produção e circulação – os enunciadores envolvidos, os objetivos, o gênero, o suporte, a circulação -, ao modo (escrito ou oral; imagem estática ou em movimento etc.), à variedade linguística e/ou semiótica apropriada a esse contexto, à construção da textualidade relacionada às propriedades textuais e do gênero), utilizando estratégias de planejamento, elaboração, revisão, edição, reescrita/redesign e avaliação de textos, para, com a ajuda do professor e a colaboração dos colegas, corrigir e aprimorar as produções realizadas, fazendo cortes, acréscimos, reformulações, correções de concordância, ortografia, pontuação em textos e editando imagens, arquivos sonoros, fazendo cortes, acréscimos, ajustes, acrescentando/ alterando efeitos, ordenamentos etc.",Produção de textos,Textualização,,,,,,,
EF69LP08,Ensino Fundamental,69,,Língua Portuguesa,08,"Revisar/editar o texto produzido – notícia, reportagem, resenha, artigo de opinião, dentre outros –, tendo em vista sua adequação ao contexto de produção, a mídia em questão, características do gênero, aspectos relativos à textualidade, a relação entre as diferentes semioses, a formatação e uso adequado das ferramentas de edição (de texto, foto, áudio e vídeo, dependendo do caso) e adequação à norma culta.",Produção de textos,Revisão/edição de texto informativo e opinativo,,,,,,,
EF69LP09,Ensino Fundamental,69,,Língua Portuguesa,09,"Planejar uma campanha publicitária sobre questões/problemas, temas, causas significativas para a escola e/ou comunidade, a partir de um levantamento de material sobre o tema ou evento, da definição do público-alvo, do texto ou peça a ser produzido – cartaz, banner, folheto, panfleto, anúncio impresso e para internet, spot, propaganda de rádio, TV etc. –, da ferramenta de edição de texto, áudio ou vídeo que será utilizada, do recorte e enfoque a ser dado, das estratégias de persuasão que serão utilizadas etc.",Produção de textos,Planejamento de textos de peças publicitárias de campanhas sociais,,,,,,,
EF69LP10,Ensino Fundamental,69,,Língua Portuguesa,10,"Produzir notícias para rádios, TV ou vídeos, podcasts noticiosos e de opinião, entrevistas, comentários, vlogs, jornais radiofônicos e televisivos, dentre outros possíveis, relativos a fato e temas de interesse pessoal, local ou global e textos orais de apreciação e opinião – podcasts e vlogs noticiosos, culturais e de opinião, orientando-se por roteiro ou texto, considerando o contexto de produção e demonstrando domínio dos gêneros.",Oralidade,Produção de textos jornalísticos orais,,,,,,,
EF69LP11,Ensino Fundamental,69,,Língua Portuguesa,11,"Identificar e analisar posicionamentos defendidos e refutados na escuta de interações polêmicas em entrevistas, discussões e debates (televisivo, em sala de aula, em redes sociais etc.), entre outros, e se posicionar frente a eles.","leitura e produção que se referem a textos ou produções orais, em áudio ou vídeo",Produção de textos jornalísticos orais,,,,,,,
EF69LP12,Ensino Fundamental,69,,Língua Portuguesa,12,"Desenvolver estratégias de planejamento, elaboração, revisão, edição, reescrita/ redesign (esses três últimos quando não for situação ao vivo) e avaliação de textos orais, áudio e/ou vídeo, considerando sua adequação aos contextos em que foram produzidos, à forma composicional e estilo de gêneros, a clareza, progressão temática e variedade linguística empregada, os elementos relacionados à fala, tais como modulação de voz, entonação, ritmo, altura e intensidade, respiração etc., os elementos cinésicos, tais como postura corporal, movimentos e gestualidade significativa, expressão facial, contato de olho com plateia etc.",Oralidade,Planejamento e produção de textos jornalísticos orais,,,,,,,
EF69LP13,Ensino Fundamental,69,,Língua Portuguesa,13,"Engajar-se e contribuir com a busca de conclusões comuns relativas a problemas, temas ou questões polêmicas de interesse da turma e/ou de relevância social.",Oralidade,Participação em discussões orais de temas controversos de interesse da turma e/ou de relevância social,,,,,,,
EF69LP14,Ensino Fundamental,69,,Língua Portuguesa,14,"Formular perguntas e decompor, com a ajuda dos colegas e dos professores, tema/questão polêmica, explicações e ou argumentos relativos ao objeto de discussão para análise mais minuciosa e buscar em fontes diversas informações ou dados que permitam analisar partes da questão e compartilhá-los com a turma.",Oralidade,Participação em discussões orais de temas controversos de interesse da turma e/ou de relevância social,,,,,,,
EF69LP15,Ensino Fundamental,69,,Língua Portuguesa,15,"Apresentar argumentos e contra-argumentos coerentes, respeitando os turnos de fala, na participação em discussões sobre temas controversos e/ou polêmicos.",Oralidade,Participação em discussões orais de temas controversos de interesse da turma e/ou de relevância social,,,,,,,
EF69LP16,Ensino Fundamental,69,,Língua Portuguesa,16,"Analisar e utilizar as formas de composição dos gêneros jornalísticos da ordem do relatar, tais como notícias (pirâmide invertida no impresso X blocos noticiosos hipertextuais e hipermidiáticos no digital, que também pode contar com imagens de vários tipos, vídeos, gravações de áudio etc.), da ordem do argumentar, tais como artigos de opinião e editorial (contextualização, defesa de tese/opinião e uso de argumentos) e das entrevistas: apresentação e contextualização do entrevistado e do tema, estrutura pergunta e resposta etc.",Análise linguística/semiótica,Construção composicional,,,,,,,
EF69LP17,Ensino Fundamental,69,,Língua Portuguesa,17,"Perceber e analisar os recursos estilísticos e semióticos dos gêneros jornalísticos e publicitários, os aspectos relativos ao tratamento da informação em notícias, como a ordenação dos eventos, as escolhas lexicais, o efeito de imparcialidade do relato, a morfologia do verbo, em textos noticiosos e argumentativos, reconhecendo marcas de pessoa, número, tempo, modo, a distribuição dos verbos nos gêneros textuais (por exemplo, as formas de pretérito em relatos; as formas de presente e futuro em gêneros argumentativos; as formas de imperativo em gêneros publicitários), o uso de recursos persuasivos em textos argumentativos diversos (como a elaboração do título, escolhas lexicais, construções metafóricas, a explicitação ou a ocultação de fontes de informação) e as estratégias de persuasão e apelo ao consumo com os recursos linguístico-discursivos utilizados (tempo verbal, jogos de palavras, metáforas, imagens).",Análise linguística/semiótica,Estilo,,,,,,,
EF69LP18,Ensino Fundamental,69,,Língua Portuguesa,18,"Utilizar, na escrita/reescrita de textos argumentativos, recursos linguísticos que marquem as relações de sentido entre parágrafos e enunciados do texto e operadores de conexão adequados aos tipos de argumento e à forma de composição de textos argumentativos, de maneira a garantir a coesão, a coerência e a progressão temática nesses textos (“primeiramente, mas, no entanto, em primeiro/segundo/terceiro lugar, finalmente, em conclusão” etc.).",Análise linguística/semiótica,Estilo,,,,,,,
EF69LP19,Ensino Fundamental,69,,Língua Portuguesa,19,"Analisar, em gêneros orais que envolvam argumentação, os efeitos de sentido de elementos típicos da modalidade falada, como a pausa, a entonação, o ritmo, a gestualidade e expressão facial, as hesitações etc.",Análise linguística/semiótica,Efeito de sentido,,,,,,,
EF69LP20,Ensino Fundamental,69,,Língua Portuguesa,20,"Identificar, tendo em vista o contexto de produção, a forma de organização dos textos normativos e legais, a lógica de hierarquização de seus itens e subitens e suas partes: parte inicial (título – nome e data – e ementa), blocos de artigos (parte, livro, capítulo, seção, subseção), artigos (caput e parágrafos e incisos) e parte final (disposições pertinentes à sua implementação) e analisar efeitos de sentido causados pelo uso de vocabulário técnico, pelo uso do imperativo, de palavras e expressões que indicam circunstâncias, como advérbios e locuções adverbiais, de palavras que indicam generalidade, como alguns pronomes indefinidos, de forma a poder compreender o caráter imperativo, coercitivo e generalista das leis e de outras formas de regulamentação.",Leitura,"Reconstrução das condições de produção e circulação e adequação do texto à construção composicional e ao estilo de gênero (Lei, código, estatuto, código, regimento etc.)",,,,,,,
EF69LP21,Ensino Fundamental,69,,Língua Portuguesa,21,"Posicionar-se em relação a conteúdos veiculados em práticas não institucionalizadas de participação social, sobretudo àquelas vinculadas a manifestações artísticas, produções culturais, intervenções urbanas e práticas próprias das culturas juvenis que pretendam denunciar, expor uma problemática ou “convocar” para uma reflexão/ação, relacionando esse texto/produção com seu contexto de produção e relacionando as partes e semioses presentes para a construção de sentidos.",Leitura,Apreciação e réplica,,,,,,,
EF69LP22,Ensino Fundamental,69,,Língua Portuguesa,22,"Produzir, revisar e editar textos reivindicatórios ou propositivos sobre problemas que afetam a vida escolar ou da comunidade, justiﬁcando pontos de vista, reivindicações e detalhando propostas (justificativa, objetivos, ações previstas etc.), levando em conta seu contexto de produção e as características dos gêneros em questão.",Produção de textos,"Textualização, revisão e edição",,,,,,,
EF69LP23,Ensino Fundamental,69,,Língua Portuguesa,23,"Contribuir com a escrita de textos normativos, quando houver esse tipo de demanda na escola – regimentos e estatutos de organizações da sociedade civil do âmbito da atuação das crianças e jovens (grêmio livre, clubes de leitura, associações culturais etc.) – e de regras e regulamentos nos vários âmbitos da escola – campeonatos, festivais, regras de convivência etc., levando em conta o contexto de produção e as características dos gêneros em questão.",Produção de textos,"Textualização, revisão e edição",,,,,,,
EF69LP24,Ensino Fundamental,69,,Língua Portuguesa,24,"Discutir casos, reais ou simulações, submetidos a juízo, que envolvam (supostos) desrespeitos a artigos, do ECA, do Código de Defesa do Consumidor, do Código Nacional de Trânsito, de regulamentações do mercado publicitário etc., como forma de criar familiaridade com textos legais – seu vocabulário, formas de organização, marcas de estilo etc. -, de maneira a facilitar a compreensão de leis, fortalecer a defesa de direitos, fomentar a escrita de textos normativos (se e quando isso for necessário) e possibilitar a compreensão do caráter interpretativo das leis e as várias perspectivas que podem estar em jogo.",Oralidade,Discussão oral,,,,,,,
EF69LP25,Ensino Fundamental,69,,Língua Portuguesa,25,"Posicionar-se de forma consistente e sustentada em uma discussão, assembleia, reuniões de colegiados da escola, de agremiações e outras situações de apresentação de propostas e defesas de opiniões, respeitando as opiniões contrárias e propostas alternativas e fundamentando seus posicionamentos, no tempo de fala previsto, valendo-se de sínteses e propostas claras e justificadas.",Oralidade,Discussão oral,,,,,,,
EF69LP26,Ensino Fundamental,69,,Língua Portuguesa,26,"Tomar nota em discussões, debates, palestras, apresentação de propostas, reuniões, como forma de documentar o evento e apoiar a própria fala (que pode se dar no momento do evento ou posteriormente, quando, por exemplo, for necessária a retomada dos assuntos tratados em outros contextos públicos, como diante dos representados).",Oralidade,Registro,,,,,,,
EF69LP27,Ensino Fundamental,69,,Língua Portuguesa,27,"Analisar a forma composicional de textos pertencentes a gêneros normativos/ jurídicos e a gêneros da esfera política, tais como propostas, programas políticos (posicionamento quanto a diferentes ações a serem propostas, objetivos, ações previstas etc.), propaganda política (propostas e sua sustentação, posicionamento quanto a temas em discussão) e textos reivindicatórios: cartas de reclamação, petição (proposta, suas justificativas e ações a serem adotadas) e suas marcas linguísticas, de forma a incrementar a compreensão de textos pertencentes a esses gêneros e a possibilitar a produção de textos mais adequados e/ou fundamentados quando isso for requerido.",Análise linguística/semiótica,"Análise de textos legais/normativos, propositivos e reivindicatórios",,,,,,,
EF69LP28,Ensino Fundamental,69,,Língua Portuguesa,28,"Observar os mecanismos de modalização adequados aos textos jurídicos, as modalidades deônticas, que se referem ao eixo da conduta (obrigatoriedade/permissibilidade) como, por exemplo: Proibição: “Não se deve fumar em recintos fechados.”; Obrigatoriedade: “A vida tem que valer a pena.”; Possibilidade: “É permitido a entrada de menores acompanhados de adultos responsáveis”, e os mecanismos de modalização adequados aos textos políticos e propositivos, as modalidades apreciativas, em que o locutor exprime um juízo de valor (positivo ou negativo) acerca do que enuncia. Por exemplo: “Que belo discurso!”, “Discordo das escolhas de Antônio.” “Felizmente, o buraco ainda não causou acidentes mais graves.”",Análise linguística/semiótica,Modalização,,,,,,,
EF69LP29,Ensino Fundamental,69,,Língua Portuguesa,29,"Refletir sobre a relação entre os contextos de produção dos gêneros de divulgação científica – texto didático, artigo de divulgação científica, reportagem de divulgação científica, verbete de enciclopédia (impressa e digital), esquema, infográfico (estático e animado), relatório, relato multimidiático de campo, podcasts e vídeos variados de divulgação científica etc. – e os aspectos relativos à construção composicional e às marcas linguística características desses gêneros, de forma a ampliar suas possibilidades de compreensão (e produção) de textos pertencentes a esses gêneros.",Leitura,Reconstrução das condições de produção e recepção dos textos e adequação do texto à construção composicional e ao estilo de gênero,,,,,,,
EF69LP30,Ensino Fundamental,69,,Língua Portuguesa,30,"Comparar, com a ajuda do professor, conteúdos, dados e informações de diferentes fontes, levando em conta seus contextos de produção e referências, identificando coincidências, complementaridades e contradições, de forma a poder identificar erros/imprecisões conceituais, compreender e posicionar-se criticamente sobre os conteúdos e informações em questão.",Leitura,Relação entre textos,,,,,,,
EF69LP31,Ensino Fundamental,69,,Língua Portuguesa,31,"Utilizar pistas linguísticas – tais como “em primeiro/segundo/terceiro lugar”, “por outro lado”, “dito de outro modo”, isto é”, “por exemplo” – para compreender a hierarquização das proposições, sintetizando o conteúdo dos textos.",Leitura,Apreciação e réplica,,,,,,,
EF69LP32,Ensino Fundamental,69,,Língua Portuguesa,32,"Selecionar informações e dados relevantes de fontes diversas (impressas, digitais, orais etc.), avaliando a qualidade e a utilidade dessas fontes, e organizar, esquematicamente, com ajuda do professor, as informações necessárias (sem excedê-las) com ou sem apoio de ferramentas digitais, em quadros, tabelas ou gráﬁcos.",Leitura,Relação do verbal com outras semioses,,,,,,,
EF69LP33,Ensino Fundamental,69,,Língua Portuguesa,33,"Articular o verbal com os esquemas, infográficos, imagens variadas etc. na (re)construção dos sentidos dos textos de divulgação científica e retextualizar do discursivo para o esquemático – infográfico, esquema, tabela, gráfico, ilustração etc. – e, ao contrário, transformar o conteúdo das tabelas, esquemas, infográficos, ilustrações etc. em texto discursivo, como forma de ampliar as possibilidades de compreensão desses textos e analisar as características das multissemioses e dos gêneros em questão.",Leitura,Procedimentos e gêneros de apoio à compreensão,,,,,,,
EF69LP34,Ensino Fundamental,69,,Língua Portuguesa,34,"Grifar as partes essenciais do texto, tendo em vista os objetivos de leitura, produzir marginálias (ou tomar notas em outro suporte), sínteses organizadas em itens, quadro sinóptico, quadro comparativo, esquema, resumo ou resenha do texto lido (com ou sem comentário/análise), mapa conceitual, dependendo do que for mais adequado, como forma de possibilitar uma maior compreensão do texto, a sistematização de conteúdos e informações e um posicionamento frente aos textos, se esse for o caso.",Leitura,Procedimentos e gêneros de apoio à compreensão,,,,,,,
EF69LP35,Ensino Fundamental,69,,Língua Portuguesa,35,"Planejar textos de divulgação científica, a partir da elaboração de esquema que considere as pesquisas feitas anteriormente, de notas e sínteses de leituras ou de registros de experimentos ou de estudo de campo, produzir, revisar e editar textos voltados para a divulgação do conhecimento e de dados e resultados de pesquisas, tais como artigo de divulgação científica, artigo de opinião, reportagem científica, verbete de enciclopédia, verbete de enciclopédia digital colaborativa , infográfico, relatório, relato de experimento científico, relato (multimidiático) de campo, tendo em vista seus contextos de produção, que podem envolver a disponibilização de informações e conhecimentos em circulação em um formato mais acessível para um público específico ou a divulgação de conhecimentos advindos de pesquisas bibliográficas, experimentos científicos e estudos de campo realizados.",Produção de textos,Consideração das condições de produção de textos de divulgação científica,,,,,,,
EF69LP36,Ensino Fundamental,69,,Língua Portuguesa,36,"Produzir, revisar e editar textos voltados para a divulgação do conhecimento e de dados e resultados de pesquisas, tais como artigos de divulgação científica, verbete de enciclopédia, infográfico, infográfico animado, podcast ou vlog científico, relato de experimento, relatório, relatório multimidiático de campo, dentre outros, considerando o contexto de produção e as regularidades dos gêneros em termos de suas construções composicionais e estilos.",Produção de textos,"Estratégias de escrita: textualização, revisão e edição",,,,,,,
EF69LP37,Ensino Fundamental,69,,Língua Portuguesa,37,"Produzir roteiros para elaboração de vídeos de diferentes tipos (vlog científico, vídeo-minuto, programa de rádio, podcasts) para divulgação de conhecimentos científicos e resultados de pesquisa, tendo em vista seu contexto de produção, os elementos e a construção composicional dos roteiros.",Produção de textos,Estratégias de produção,,,,,,,
EF69LP38,Ensino Fundamental,69,,Língua Portuguesa,38,"Organizar os dados e informações pesquisados em painéis ou slides de apresentação, levando em conta o contexto de produção, o tempo disponível, as características do gênero apresentação oral, a multissemiose, as mídias e tecnologias que serão utilizadas, ensaiar a apresentação, considerando também elementos paralinguísticos e cinésicos e proceder à exposição oral de resultados de estudos e pesquisas, no tempo determinado, a partir do planejamento e da definição de diferentes formas de uso da fala – memorizada, com apoio da leitura ou fala espontânea.",Oralidade,Estratégias de produção: planejamento e produção de apresentações orais,,,,,,,
EF69LP39,Ensino Fundamental,69,,Língua Portuguesa,39,"Definir o recorte temático da entrevista e o entrevistado, levantar informações sobre o entrevistado e sobre o tema da entrevista, elaborar roteiro de perguntas, realizar entrevista, a partir do roteiro, abrindo possibilidades para fazer perguntas a partir da resposta, se o contexto permitir, tomar nota, gravar ou salvar a entrevista e usar adequadamente as informações obtidas, de acordo com os objetivos estabelecidos.",Oralidade,Estratégias de produção,,,,,,,
EF69LP40,Ensino Fundamental,69,,Língua Portuguesa,40,"Analisar, em gravações de seminários, conferências rápidas, trechos de palestras, dentre outros, a construção composicional dos gêneros de apresentação – abertura/saudação, introdução ao tema, apresentação do plano de exposição, desenvolvimento dos conteúdos, por meio do encadeamento de temas e subtemas (coesão temática), síntese final e/ou conclusão, encerramento –, os elementos paralinguísticos (tais como: tom e volume da voz, pausas e hesitações – que, em geral, devem ser minimizadas –, modulação de voz e entonação, ritmo, respiração etc.) e cinésicos (tais como: postura corporal, movimentos e gestualidade significativa, expressão facial, contato de olho com plateia, modulação de voz e entonação, sincronia da fala com ferramenta de apoio etc.), para melhor performar apresentações orais no campo da divulgação do conhecimento.",Análise linguística/semiótica,Elementos paralinguísticos e cinésicos,,,,,,,
EF69LP41,Ensino Fundamental,69,,Língua Portuguesa,41,"Usar adequadamente ferramentas de apoio a apresentações orais, escolhendo e usando tipos e tamanhos de fontes que permitam boa visualização, topicalizando e/ou organizando o conteúdo em itens, inserindo de forma adequada imagens, gráficos, tabelas, formas e elementos gráficos, dimensionando a quantidade de texto (e imagem) por slide, usando progressivamente e de forma harmônica recursos mais sofisticados como efeitos de transição, slides mestres, layouts personalizados etc.",Análise linguística/semiótica,Usar adequadamente ferramentas de apoio a apresentações orais,,,,,,,
EF69LP42,Ensino Fundamental,69,,Língua Portuguesa,42,"Analisar a construção composicional dos textos pertencentes a gêneros relacionados à divulgação de conhecimentos: título, (olho), introdução, divisão do texto em subtítulos, imagens ilustrativas de conceitos, relações, ou resultados complexos (fotos, ilustrações, esquemas, gráficos, infográficos, diagramas, figuras, tabelas, mapas) etc., exposição, contendo definições, descrições, comparações, enumerações, exemplificações e remissões a conceitos e relações por meio de notas de rodapé, boxes ou links; ou título, contextualização do campo, ordenação temporal ou temática por tema ou subtema, intercalação de trechos verbais com fotos, ilustrações, áudios, vídeos etc. e reconhecer traços da linguagem dos textos de divulgação científica, fazendo uso consciente das estratégias de impessoalização da linguagem (ou de pessoalização, se o tipo de publicação e objetivos assim o demandarem, como em alguns podcasts e vídeos de divulgação científica), 3ª pessoa, presente atemporal, recurso à citação, uso de vocabulário técnico/especializado etc., como forma de ampliar suas capacidades de compreensão e produção de textos nesses gêneros.",Análise linguística/semiótica,Gêneros de divulgação científica,,,,,,,
EF69LP43,Ensino Fundamental,69,,Língua Portuguesa,43,"Identificar e utilizar os modos de introdução de outras vozes no texto – citação literal e sua formatação e paráfrase –, as pistas linguísticas responsáveis por introduzir no texto a posição do autor e dos outros autores citados (“Segundo X; De acordo com Y; De minha/nossa parte, penso/amos que”...) e os elementos de normatização (tais como as regras de inclusão e formatação de citações e paráfrases, de organização de referências bibliográficas) em textos científicos, desenvolvendo reflexão sobre o modo como a intertextualidade e a retextualização ocorrem nesses textos.",Análise linguística/semiótica,Intertextualidade,,,,,,,
EF69LP44,Ensino Fundamental,69,,Língua Portuguesa,44,"Inferir a presença de valores sociais, culturais e humanos e de diferentes visões de mundo, em textos literários, reconhecendo nesses textos formas de estabelecer múltiplos olhares sobre as identidades, sociedades e culturas e considerando a autoria e o contexto social e histórico de sua produção.",Leitura,"Reconstrução das condições de produção, circulação e recepção",,,,,,,
EF69LP45,Ensino Fundamental,69,,Língua Portuguesa,45,"Posicionar-se criticamente em relação a textos pertencentes a gêneros como quarta-capa, programa (de teatro, dança, exposição etc.), sinopse, resenha crítica, comentário em blog/vlog cultural etc., para selecionar obras literárias e outras manifestações artísticas (cinema, teatro, exposições, espetáculos, CD´s, DVD´s etc.), diferenciando as sequências descritivas e avaliativas e reconhecendo-os como gêneros que apoiam a escolha do livro ou produção cultural e consultando-os no momento de fazer escolhas, quando for o caso.",Leitura,Apreciação e réplica,,,,,,,
EF69LP46,Ensino Fundamental,69,,Língua Portuguesa,46,"Participar de práticas de compartilhamento de leitura/recepção de obras literárias/ manifestações artísticas, como rodas de leitura, clubes de leitura, eventos de contação de histórias, de leituras dramáticas, de apresentações teatrais, musicais e de filmes, cineclubes, festivais de vídeo, saraus, slams, canais de booktubers, redes sociais temáticas (de leitores, de cinéfilos, de música etc.), dentre outros, tecendo, quando possível, comentários de ordem estética e afetiva e justificando suas apreciações, escrevendo comentários e resenhas para jornais, blogs e redes sociais e utilizando formas de expressão das culturas juvenis, tais como, vlogs e podcasts culturais (literatura, cinema, teatro, música), playlists comentadas, fanfics, fanzines, e-zines, fanvídeos, fanclipes, posts em fanpages, trailer honesto, vídeo-minuto, dentre outras possibilidades de práticas de apreciação e de manifestação da cultura de fãs.",Leitura,Apreciação e réplica,,,,,,,
EF69LP47,Ensino Fundamental,69,,Língua Portuguesa,47,"Analisar, em textos narrativos ficcionais, as diferentes formas de composição próprias de cada gênero, os recursos coesivos que constroem a passagem do tempo e articulam suas partes, a escolha lexical típica de cada gênero para a caracterização dos cenários e dos personagens e os efeitos de sentido decorrentes dos tempos verbais, dos tipos de discurso, dos verbos de enunciação e das variedades linguísticas (no discurso direto, se houver) empregados, identificando o enredo e o foco narrativo e percebendo como se estrutura a narrativa nos diferentes gêneros e os efeitos de sentido decorrentes do foco narrativo típico de cada gênero, da caracterização dos espaços físico e psicológico e dos tempos cronológico e psicológico, das diferentes vozes no texto (do narrador, de personagens em discurso direto e indireto), do uso de pontuação expressiva, palavras e expressões conotativas e processos figurativos e do uso de recursos linguístico-gramaticais próprios a cada gênero narrativo.",Leitura,Reconstrução da textualidade e compreensão dos efeitos de sentidos provocados pelos usos de recursos linguísticos e multissemióticos,,,,,,,
EF69LP48,Ensino Fundamental,69,,Língua Portuguesa,48,"Interpretar, em poemas, efeitos produzidos pelo uso de recursos expressivos sonoros (estrofação, rimas, aliterações etc), semânticos (figuras de linguagem, por exemplo), gráfico- espacial (distribuição da mancha gráfica no papel), imagens e sua relação com o texto verbal.",Leitura,Reconstrução da textualidade e compreensão dos efeitos de sentidos provocados pelos usos de recursos linguísticos e multissemióticos,,,,,,,
EF69LP49,Ensino Fundamental,69,,Língua Portuguesa,49,"Mostrar-se interessado e envolvido pela leitura de livros de literatura e por outras produções culturais do campo e receptivo a textos que rompam com seu universo de expectativas, que representem um desafio em relação às suas possibilidades atuais e suas experiências anteriores de leitura, apoiando-se nas marcas linguísticas, em seu conhecimento sobre os gêneros e a temática e nas orientações dadas pelo professor.",Leitura,Adesão às práticas de leitura,,,,,,,
EF69LP50,Ensino Fundamental,69,,Língua Portuguesa,50,"Elaborar texto teatral, a partir da adaptação de romances, contos, mitos, narrativas de enigma e de aventura, novelas, biografias romanceadas, crônicas, dentre outros, indicando as rubricas para caracterização do cenário, do espaço, do tempo; explicitando a caracterização física e psicológica dos personagens e dos seus modos de ação; reconfigurando a inserção do discurso direto e dos tipos de narrador; explicitando as marcas de variação linguística (dialetos, registros e jargões) e retextualizando o tratamento da temática.",Produção de textos,Relação entre textos,,,,,,,
EF69LP51,Ensino Fundamental,69,,Língua Portuguesa,51,"Engajar-se ativamente nos processos de planejamento, textualização, revisão/ edição e reescrita, tendo em vista as restrições temáticas, composicionais e estilísticas dos textos pretendidos e as configurações da situação de produção – o leitor pretendido, o suporte, o contexto de circulação do texto, as finalidades etc. – e considerando a imaginação, a estesia e a verossimilhança próprias ao texto literário.",Produção de textos,"Estratégias de produção: planejamento, textualização e revisão/edição",,,,,,,
EF69LP52,Ensino Fundamental,69,,Língua Portuguesa,52,"Representar cenas ou textos dramáticos, considerando, na caracterização dos personagens, os aspectos linguísticos e paralinguísticos das falas (timbre e tom de voz, pausas e hesitações, entonação e expressividade, variedades e registros linguísticos), os gestos e os deslocamentos no espaço cênico, o figurino e a maquiagem e elaborando as rubricas indicadas pelo autor por meio do cenário, da trilha sonora e da exploração dos modos de interpretação.",Oralidade,Produção de textos orais,,,,,,,
EF69LP53,Ensino Fundamental,69,,Língua Portuguesa,53,"Ler em voz alta textos literários diversos – como contos de amor, de humor, de suspense, de terror; crônicas líricas, humorísticas, críticas; bem como leituras orais capituladas (compartilhadas ou não com o professor) de livros de maior extensão, como romances, narrativas de enigma, narrativas de aventura, literatura infantojuvenil, – contar/recontar histórias tanto da tradição oral (causos, contos de esperteza, contos de animais, contos de amor, contos de encantamento, piadas, dentre outros) quanto da tradição literária escrita, expressando a compreensão e interpretação do texto por meio de uma leitura ou fala expressiva e fluente, que respeite o ritmo, as pausas, as hesitações, a entonação indicados tanto pela pontuação quanto por outros recursos gráfico-editoriais, como negritos, itálicos, caixa-alta, ilustrações etc., gravando essa leitura ou esse conto/reconto, seja para análise posterior, seja para produção de audiobooks de textos literários diversos ou de podcasts de leituras dramáticas com ou sem efeitos especiais e ler e/ou declamar poemas diversos, tanto de forma livre quanto de forma fixa (como quadras, sonetos, liras, haicais etc.), empregando os recursos linguísticos, paralinguísticos e cinésicos necessários aos efeitos de sentido pretendidos, como o ritmo e a entonação, o emprego de pausas e prolongamentos, o tom e o timbre vocais, bem como eventuais recursos de gestualidade e pantomima que convenham ao gênero poético e à situação de compartilhamento em questão.",Oralidade,Oralização,,,,,,,
EF69LP54,Ensino Fundamental,69,,Língua Portuguesa,54,"Analisar os efeitos de sentido decorrentes da interação entre os elementos linguísticos e os recursos paralinguísticos e cinésicos, como as variações no ritmo, as modulações no tom de voz, as pausas, as manipulações do estrato sonoro da linguagem, obtidos por meio da estrofação, das rimas e de figuras de linguagem como as aliterações, as assonâncias, as onomatopeias, dentre outras, a postura corporal e a gestualidade, na declamação de poemas, apresentações musicais e teatrais, tanto em gêneros em prosa quanto nos gêneros poéticos, os efeitos de sentido decorrentes do emprego de figuras de linguagem, tais como comparação, metáfora, personificação, metonímia, hipérbole, eufemismo, ironia, paradoxo e antítese e os efeitos de sentido decorrentes do emprego de palavras e expressões denotativas e conotativas (adjetivos, locuções adjetivas, orações subordinadas adjetivas etc.), que funcionam como modificadores, percebendo sua função na caracterização dos espaços, tempos, personagens e ações próprios de cada gênero narrativo.",Análise linguística/semiótica,Recursos linguísticos e semióticos que operam nos textos pertencentes aos gêneros literários,,,,,,,
EF69LP55,Ensino Fundamental,69,,Língua Portuguesa,55,"Reconhecer as variedades da língua falada, o conceito de norma-padrão e o de preconceito linguístico.",Análise linguística/semiótica,Variação linguística,,,,,,,
EF69LP56,Ensino Fundamental,69,,Língua Portuguesa,56,Fazer uso consciente e reflexivo de regras e normas da norma-padrão em situações de fala e escrita nas quais ela deve ser usada.,Análise linguística/semiótica,Variação linguística,,,,,,,
EF89EF01,Ensino Fundamental,89,,Educação Física,01,"Experimentar diferentes papéis (jogador, árbitro e técnico) e fruir os esportes de rede/parede, campo e taco, invasão e combate, valorizando o trabalho coletivo e o protagonismo.",Esportes,Esportes de campo e taco,,,,,,,
EF89EF02,Ensino Fundamental,89,,Educação Física,02,"Praticar um ou mais esportes de rede/parede, campo e taco, invasão e combate oferecidos pela escola, usando habilidades técnico-táticas básicas.",Esportes,Esportes de combate,,,,,,,
EF89EF03,Ensino Fundamental,89,,Educação Física,03,"Formular e utilizar estratégias para solucionar os desafios técnicos e táticos, tanto nos esportes de campo e taco, rede/parede, invasão e combate como nas modalidades esportivas escolhidas para praticar de forma específica.",Esportes,Esportes de combate,,,,,,,
EF89EF04,Ensino Fundamental,89,,Educação Física,04,"Identificar os elementos técnicos ou técnico-táticos individuais, combinações táticas, sistemas de jogo e regras das modalidades esportivas praticadas, bem como diferenciar as modalidades esportivas com base nos critérios da lógica interna das categorias de esporte: rede/parede, campo e taco, invasão e combate.",Esportes,Esportes de combate,,,,,,,
EF89EF05,Ensino Fundamental,89,,Educação Física,05,"Identificar as transformações históricas do fenômeno esportivo e discutir alguns de seus problemas (doping, corrupção, violência etc.) e a forma como as mídias os apresentam.",Esportes,Esportes de combate,,,,,,,
EF89EF06,Ensino Fundamental,89,,Educação Física,06,"Verificar locais disponíveis na comunidade para a prática de esportes e das demais práticas corporais tematizadas na escola, propondo e produzindo alternativas para utilizá-los no tempo livre.",Esportes,Esportes de combate,,,,,,,
EF89EF07,Ensino Fundamental,89,,Educação Física,07,"Experimentar e fruir um ou mais programas de exercícios físicos, identificando as exigências corporais desses diferentes programas e reconhecendo a importância de uma prática individualizada, adequada às características e necessidades de cada sujeito.",Ginásticas,Ginástica de conscientização corporal,,,,,,,
EF89EF08,Ensino Fundamental,89,,Educação Física,08,"Discutir as transformações históricas dos padrões de desempenho, saúde e beleza, considerando a forma como são apresentados nos diferentes meios (científico, midiático etc.).",Ginásticas,Ginástica de conscientização corporal,,,,,,,
EF89EF09,Ensino Fundamental,89,,Educação Física,09,Problematizar a prática excessiva de exercícios físicos e o uso de medicamentos para a ampliação do rendimento ou potencialização das transformações corporais.,Ginásticas,Ginástica de conscientização corporal,,,,,,,
EF89EF10,Ensino Fundamental,89,,Educação Física,10,"Experimentar e fruir um ou mais tipos de ginástica de conscientização corporal, identificando as exigências corporais dos mesmos.",Ginásticas,Ginástica de conscientização corporal,,,,,,,
EF89EF11,Ensino Fundamental,89,,Educação Física,11,"Identificar as diferenças e semelhanças entre a ginástica de conscientização corporal e as de condicionamento físico e discutir como a prática de cada uma dessas manifestações pode contribuir para a melhoria das condições de vida, saúde, bem-estar e cuidado consigo mesmo.",Ginásticas,Ginástica de conscientização corporal,,,,,,,
EF89EF12,Ensino Fundamental,89,,Educação Física,12,"Experimentar, fruir e recriar danças de salão, valorizando a diversidade cultural e respeitando a tradição dessas culturas.",Danças,Danças de salão,,,,,,,
EF89EF13,Ensino Fundamental,89,,Educação Física,13,"Planejar e utilizar estratégias para se apropriar dos elementos constitutivos (ritmo, espaço, gestos) das danças de salão.",Danças,Danças de salão,,,,,,,
EF89EF14,Ensino Fundamental,89,,Educação Física,14,Discutir estereótipos e preconceitos relativos às danças de salão e demais práticas corporais e propor alternativas para sua superação.,Danças,Danças de salão,,,,,,,
EF89EF15,Ensino Fundamental,89,,Educação Física,15,"Analisar as características (ritmos, gestos, coreografias e músicas) das danças de salão, bem como suas transformações históricas e os grupos de origem.",Danças,Danças de salão,,,,,,,
EF89EF16,Ensino Fundamental,89,,Educação Física,16,"Experimentar e fruir a execução dos movimentos pertencentes às lutas do mundo, adotando procedimentos de segurança e respeitando o oponente.",Lutas,Lutas do mundo,,,,,,,
EF89EF17,Ensino Fundamental,89,,Educação Física,17,"Planejar e utilizar estratégias básicas das lutas experimentadas, reconhecendo as suas características técnico-táticas.",Lutas,Lutas do mundo,,,,,,,
EF89EF18,Ensino Fundamental,89,,Educação Física,18,"Discutir as transformações históricas, o processo de esportivização e a midiatização de uma ou mais lutas, valorizando e respeitando as culturas de origem.",Lutas,Lutas do mundo,,,,,,,
EF89EF19,Ensino Fundamental,89,,Educação Física,19,"Experimentar e fruir diferentes práticas corporais de aventura na natureza, valorizando a própria segurança e integridade física, bem como as dos demais, respeitando o patrimônio natural e minimizando os impactos de degradação ambiental.",Práticas corporais de aventura,Práticas corporais de aventura na natureza,,,,,,,
EF89EF20,Ensino Fundamental,89,,Educação Física,20,"Identificar riscos, formular estratégias e observar normas de segurança para superar os desafios na realização de práticas corporais de aventura na natureza.",Práticas corporais de aventura,Práticas corporais de aventura na natureza,,,,,,,
EF89EF21,Ensino Fundamental,89,,Educação Física,21,"Identificar as características (equipamentos de segurança, instrumentos, indumentária, organização) das práticas corporais de aventura na natureza, bem como suas transformações históricas.",Práticas corporais de aventura,Práticas corporais de aventura na natureza,,,,,,,
EF89LP01,Ensino Fundamental,89,,Língua Portuguesa,01,"Analisar os interesses que movem o campo jornalístico, os efeitos das novas tecnologias no campo e as condições que fazem da informação uma mercadoria, de forma a poder desenvolver uma atitude crítica frente aos textos jornalísticos.",Leitura,"Reconstrução do contexto de produção, circulação e recepção de textos",,,,,,,
EF89LP02,Ensino Fundamental,89,,Língua Portuguesa,02,"Analisar diferentes práticas (curtir, compartilhar, comentar, curar etc.) e textos pertencentes a diferentes gêneros da cultura digital (meme, gif, comentário, charge digital etc.) envolvidos no trato com a informação e opinião, de forma a possibilitar uma presença mais crítica e ética nas redes.",Leitura,"Caracterização do campo jornalístico e relação entre os gêneros em circulação, mídias e práticas da cultura digital",,,,,,,
EF89LP03,Ensino Fundamental,89,,Língua Portuguesa,03,"Analisar textos de opinião (artigos de opinião, editoriais, cartas de leitores, comentários, posts de blog e de redes sociais, charges, memes, gifs etc.) e posicionar-se de forma crítica e fundamentada, ética e respeitosa frente a fatos e opiniões relacionados a esses textos.",Leitura,Estratégia de leitura: apreender os sentidos globais do texto,sim,AF,EF67LP02,"• Reconhecer a estrutura dos gêneros argumentativos.
• Reconhecer as teses e os argumentos usados.
•  Identificar o efeito de sentido de escolhas lexicais e de imagem (charge, meme e gif).
• Relacionar a linguagem verbal e não verbal (charge, meme e gif).
• Reconhecer as condições de produção que contextualizam o texto.
• Identificar o próprio ponto de vista e fundamentá-lo com argumentos.","CG:  2, 4 e 7  CA: 2 e 3
CE: 6 e 7","EF: EF89LP02,EF69LP18, EF89LP28 ,  EF69LP05, EF69LP11, EF69LP15, EF89LP02, EF89LP07,EF89LP32                        AF: EF89LP04, EF89LP06, EF89LP14, EF89LP16                  AC: EF08LP08, EF08LP09, EF08LP10,  EF08LP12,  EF08LP13, EF08LP14,  EF08LP15, EF69LP31","A habilidade é considerada de foco por prever que o estudante se posicione de maneira ética e respeitosa em relação a textos argumentativos. Os diferentes gêneros argumentativos podem ser apresentados considerando o seu grau de complexidade, uma vez que a habilidade está prevista para ser desenvolvida ao longo do 8º e 9º ano. Para isso, pode-se propor a leitura por estações de aprendizagem para que seja identificado o gênero, sua estrutura e as condições de produção, circulação e recepção dos textos, ou seja, o suporte, autor, função social, entre outros. A partir do trabalho com estações, pode-se propor um painel coletivo para que as análises sejam compartilhadas. Ressalta-se, no desenvolvimento da habilidade, a presença de textos multissemióticos , como charges, memes e gifs. Por essa razão, é possível propor atividades específicas que levem os estudantes a refletir sobre as relações entre as linguagens verbal e não verbal que compõem esses textos. Na questão do posicionamento, podem ser feitas atividades nas quais os estudantes tenham que apresentar seu posicionamento a partir da leitura do texto. Dessa forma, sugere-se que sejam estabelecidos critérios para que eles se coloquem de forma ética e respeitosa."
EF89LP04,Ensino Fundamental,89,,Língua Portuguesa,04,"Identificar e avaliar teses/opiniões/posicionamentos explícitos e implícitos, argumentos e contra-argumentos em textos argumentativos do campo (carta de leitor, comentário, artigo de opinião, resenha crítica etc.), posicionando-se frente à questão controversa de forma sustentada.",Leitura,Estratégia de leitura: apreender os sentidos globais do texto,sim,AF,EF67LP05 e EF67LP07,"• Diferenciar tese de argumento.
• Identificar argumentos.
• Inferir posicionamentos.
• Posicionar-se de maneira embasada.","CG:  2, 4 e 7
CA: 2 e 3
CE: 6 e 7","EF: EF69LP01, EF69LP11, EF69LP15, EF69LP18,  EF69LP31, EF89LP02, EF89LP07 ,EF89LP32     AF: EF89LP03, EF89LP06, EF89LP14 e EF89LP16                    AC: EF08LP08, EF08LP09, EF08LP10, EF08LP12,  EF08LP13, EF08LP14,  EF08LP15, EF89LP29, EF89LP31","O trabalho com a argumentação se torna mais intenso no 8º e 9º ano. Sugere-se que os gêneros sejam apresentados de maneira progressiva para que as estratégias e o repertório de leitura sejam construídos paulatinamente e para que os jovens reconheçam essa tipologia nos gêneros. Depois da leitura e da análise dos gêneros propostos pela habilidade, como carta de leitor, comentário, artigo de opinião, resenha crítica, pode-se propor estações de análise desses textos e um painel ou tabela coletiva para sistematizar as condições de produção, recepção e circulação dos textos. Nesse sentido, os estudantes podem comparar as funções sociais do texto, os autores e seus papéis sociais, as características estruturais, entre outros. Salienta-se, contudo, que para desenvolver habilidades de leitura dos gêneros, deve-se propor atividades que promovam estratégias para além do reconhecimento das características estruturais. Com relação a essa habilidade, por exemplo, pressupõe-se que os estudantes sejam capazes de identificar e avaliar as teses e posicionamentos dos textos, bem como seus argumentos. Para isso, propõe-se que sejam feitas atividades específicas de identificação dessas informações no texto, como, solicitar que os estudantes grifem as informações com canetas ou lápis coloridos e depois as discutam coletivamente. Por fim, para que o estudante consiga se posicionar de forma sustentada, pode-se propor um debate regrado ou uma produção escrita."
EF89LP05,Ensino Fundamental,89,,Língua Portuguesa,05,"Analisar o efeito de sentido produzido pelo uso, em textos, de recurso a formas de apropriação textual (paráfrases, citações, discurso direto, indireto ou indireto livre).",Leitura,Efeitos de sentido,,,,,,,
EF89LP06,Ensino Fundamental,89,,Língua Portuguesa,06,"Analisar o uso de recursos persuasivos em textos argumentativos diversos (como a elaboração do título, escolhas lexicais, construções metafóricas, a explicitação ou a ocultação de fontes de informação) e seus efeitos de sentido.",Leitura,Efeitos de sentido,sim,AF,EF67LP07,"• Reconhecer o efeito de sentido em escolhas lexicais, em construções metafóricas e escolha das fontes de informação.
• Relacionar as escolhas ao objetivo do texto.","CG:  2, 4 e 7  CA: 2 e 3
CE: 6 e 7","EF: EF89LP07, EF89LP32    AF: EF89LP03, EF89LP04, EF89LP14 e EF89LP16
AC: EF08LP08, EF08LP09, EF08LP10, EF08LP13, EF08LP14,  EF08LP15,  EF89LP29, EF89LP05","Esta habilidade tem como foco a análise de recursos persuasivos e seus efeitos de sentido. Propõe-se, portanto, que ela seja articulada às habilidades de leitura dos gêneros argumentativos, como a EF89LP03, de modo a potencializar as estratégias dos estudantes. Além disso, para o desenvolvimento da habilidade, propõe-se que os estudantes entrem em contato com textos diversos e sejam estimulados, em duplas ou pequenos grupos, a analisar os recursos argumentativos. Uma outra possibilidade é propor a análise do mesmo texto por estações de aprendizagem em que cada estação os estudantes vão analisar e comentar um aspecto do texto: elaboração do título, escolhas lexicais, construções metafóricas, entre outros. Nesse caso, após a atividade, pode-se compartilhar  as análises de cada grupo para formar um painel. É possível articular essa habilidade também a uma produção escrita de forma que o estudante tenha que utilizar e justificar a escolha de recursos persuasivos. A avaliação da habilidade pode ocorrer por meio de rubricas de observação das colocações do estudante, registros escritos ou ainda como um dos critérios de uma produção textual."
EF89LP07,Ensino Fundamental,89,,Língua Portuguesa,07,"Analisar, em notícias, reportagens e peças publicitárias em várias mídias, os efeitos de sentido devidos ao tratamento e à composição dos elementos nas imagens em movimento, à performance, à montagem feita (ritmo, duração e sincronização entre as linguagens – complementaridades, interferências etc.) e ao ritmo, melodia, instrumentos e sampleamentos das músicas e efeitos sonoros.",Leitura,Exploração da multissemiose,,,,,,,
EF89LP08,Ensino Fundamental,89,,Língua Portuguesa,08,"Planejar reportagem impressa e em outras mídias (rádio ou TV/vídeo, sites), tendo em vista as condições de produção do texto – objetivo, leitores/espectadores, veículos e mídia de circulação etc. – a partir da escolha do fato a ser aprofundado ou do tema a ser focado (de relevância para a turma, escola ou comunidade), do levantamento de dados e informações sobre o fato ou tema – que pode envolver entrevistas com envolvidos ou com especialistas, consultas a fontes diversas, análise de documentos, cobertura de eventos etc. -, do registro dessas informações e dados, da escolha de fotos ou imagens a produzir ou a utilizar etc., da produção de infográficos, quando for o caso, e da organização hipertextual (no caso a publicação em sites ou blogs noticiosos ou mesmo de jornais impressos, por meio de boxes variados).",Produção de textos,Estratégia de produção: planejamento de textos informativos,sim,AF,,"• Planejar reportagem impressa e em outras mídias considerando o contexto de produção, recepção e circulação do texto.
• Selecionar fato ou tema de relevância para a produção de reportagem.
• Fazer curadoria de informações para a produção da reportagem.
• Planejar roteiro para entrevista e infográfico.","CG:  2, 4 e 7
CA: 2 e 3
CE: 2, 3 5 e 7","EF: EF69LP06    AF:EF89LP09
AC:  EF08LP06, EF08LP08, EF08LP14, EF08LP15","A habilidade propõe o planejamento de reportagens impressas ou em outras mídias. Nesse sentido, sugere-se que ela seja articulada a um projeto em grupo, visto que são necessárias muitas etapas e procedimentos para desenvolver a proposta. Para realizar o planejamento, é necessário primeiro fazer o levantamento do tema. Feita essa escolha, propõe-se atividades de seleção de informações por meio de entrevistas e  pesquisas, coberturas de eventos, entre outros. Além disso, nessa etapa, pode-se fazer a seleção de imagens, como infográficos, para compor o planejamento. Sugere-se, ainda, que sejam levantados os critérios que nortearão a produção. Para isso, podem-se articular habilidades complementares, como a EF08LP14 que trata dos recursos expressivos adequados ao gênero textual. Pode-se, por exemplo, propor atividades que explicitem os recursos coesivos. Na etapa de planejamento, pode-se também definir os papéis que cada estudante desenvolverá ao longo da proposta. Dessa forma, são desenvolvidas, também, estratégias de argumentação e colaboração, promovendo o desenvolvimento de habilidades e competências necessárias para o mundo do trabalho, tal qual proposto pelos Objetivos de Desenvolvimento Sustentável (ODS)."
EF89LP09,Ensino Fundamental,89,,Língua Portuguesa,09,"Produzir reportagem impressa, com título, linha fina (optativa), organização composicional (expositiva, interpretativa e/ou opinativa), progressão temática e uso de recursos linguísticos compatíveis com as escolhas feitas e reportagens multimidiáticas, tendo em vista as condições de produção, as características do gênero, os recursos e mídias disponíveis, sua organização hipertextual e o manejo adequado de recursos de captação e edição de áudio e imagem e adequação à norma-padrão.",Produção de textos,Estratégia de produção: textualização de textos informativos,sim,AF,,"• Produzir reportagem impressa e/ou em outras mídais digitais de acordo com as condições de produção, recepção e circulação.
• Fazer uso de recursos linguísticos para garantir a progressão temática.
• Selecionar recursos e mídias disponíveis para a organização textual, considerando sua organização hipertextual.
• Fazer uso da norma padrão.","CG:  2, 4 e 7
CA: 2 e 3
CE: 2, 3 5 e 7","AC: EF08LP04, EF08LP06,  EF08LP08
AF: EF89LP08, EF08LP15","Para o desenvolvimento desta habilidade,  considera-se as operações  de escrita processual e articulado à habilidade EF89LP08 que trata do planejamento do texto. Nessa etapa, portanto, recomenda-se a textualização do texto e a revisão a partir de critérios estabelecidos no planejamento. Pode-se, ainda, atribuir funções para cada membro do grupo, como realizar entrevista, elaborar infográficos, produzir a introdução do texto, entre outras possibilidades. Outra possiblidade é a produção de reportagens em vídeo. Nesse caso, recomenda-se a elaboração de um roteiro e a escolha de ferramentas de edição adequadas ao propósito. Por fim, é recomendável que os textos sejam publicados e compartilhados com a comunidade escolar. Isso pode ser feito em blogs, redes sociais, no jornal da escola, entre outros."
EF89LP10,Ensino Fundamental,89,,Língua Portuguesa,10,"Planejar artigos de opinião, tendo em vista as condições de produção do texto – objetivo, leitores/espectadores, veículos e mídia de circulação etc. –, a partir da escolha do tema ou questão a ser discutido(a), da relevância para a turma, escola ou comunidade, do levantamento de dados e informações sobre a questão, de argumentos relacionados a diferentes posicionamentos em jogo, da definição – o que pode envolver consultas a fontes diversas, entrevistas com especialistas, análise de textos, organização esquemática das informações e argumentos – dos (tipos de) argumentos e estratégias que pretende utilizar para convencer os leitores.",Produção de textos,Estratégia de produção: planejamento de textos argumentativos e apreciativos,sim,AF,,"• Reconhecer a estrutura e a linguagem próprias de um artigo de opinião.
• Identificar um problema.
• Estabelecer critérios que justifiquem uma escolha. • Levantar informações e argumentos.
• Fazer curadoria dos argumentos.
• Selecionar e tomar nota de informações e dados de pesquisa.
• Selecionar argumentos e estratégias argumentativas.","CG:  2, 4 e 7
CA: 2 e 4
CE: 2, 6 e 7","EF:  EF69LP06  AF: EF89LP06
AC: EF08LP06, EF08LP08, EF08LP11, EF08LP15","Para desenvolver as aprendizagens propostas para essa habilidade, recomenda-se que ela esteja associada às habilidades de leitura de modo a construir o repertório temático do estudante. Além disso, inicialmente, propõe-se que sejam levantados possíveis temas de relevância para a turma a fim que a produção se torne mais significativa.  A partir da escolha dos temas, pode-se promover rodas de leitura de charges, notícias, reportagens e outros textos que tratem da questão. Promover rodas de conversa e debates também ajudam o estudante a construir seu posicionamento e seus argumentos. A fim de construir o planejamento propriamente dito, propõe-se a utilização de esquemas, tabelas e diagramas para organizar as ideias e selecionar os argumentos possíveis. Outra possibilidade, para que os estudantes desenvolvam a curadoria de sua tese e argumentos, é permitir o compartilhamento desses com os demais. Dessa forma, pode-se promover atividades para que os educandos se coloquem de maneira respeitosa, debatendo e argumentando sobre seus posicionamentos. A avaliação da aprendizagem, nessa etapa, pode ocorrer por meio dos registros do planejamento bem como por meio da observação da maneira como o estudante se posiciona. Sobre esse último aspecto, pode-se promover uma autoavaliação  para que o estudante adquira autonomia sobre o próprio processo de aprendizagem."
EF89LP11,Ensino Fundamental,89,,Língua Portuguesa,11,"Produzir, revisar e editar peças e campanhas publicitárias, envolvendo o uso articulado e complementar de diferentes peças publicitárias: cartaz, banner, indoor, folheto, panfleto, anúncio de jornal/revista, para internet, spot, propaganda de rádio, TV, a partir da escolha da questão/problema/causa significativa para a escola e/ou a comunidade escolar, da definição do público-alvo, das peças que serão produzidas, das estratégias de persuasão e convencimento que serão utilizadas.",Produção de textos,"Estratégias de produção: planejamento, textualização, revisão e edição de textos publicitários",sim,AF,EF67LP13,"• Selecionar questão/tema de relevância para compor campanha publicitária.
• Reconhecer a estrutura e a linguagem próprias de diferentes gêneros publicitários; planejar e produzir textos publicitários para compor campanha, de acordo com as condições de produção, recepção e circulação.
• Fazer uso de diferentes estratégia de persuasão e convencimento para a produção dos textos multissemióticos.
• Revisar e editar os textos e montar a campanha publicitária.","CG:  2, 4, 5 e 7
CA: 2, 4 e 6
CE: 2, 3, 5, 6 e 7","EF: EF69LP06, EF69LP09            AC: EF08LP04, EF08LP16","A habilidade é considerada de foco por articular uma série de aprendizagens e ajudar a promover habilidades que visam o trabalho cooperativo. Nesse sentido, apresenta uma progressão em relação à habilidade EF67LP13 que previa a escrita de textos publicitários. Dessa forma, esta habilidade apresenta uma ampliação ao propor a elaboração de uma campanha publicitária. Devido ao seu grau de complexidade, sugere-se que ela seja proposta por meio de um projeto com a turma toda. A partir do levantamento da questão, que pode ser definida por pesquisas, entrevistas, entre outros, sugere-se que sejam propostas etapas de elaboração da campanha: (1) Planejamento com a elaboração de uma ideia central, um slogan coletivo, a partir da identificação do público-alvo e dos objetivos da campanha. Nessa etapa, pode-se dividir a turma em grupos para que cada um fique responsável pela criação de diferentes peças publicitárias tal qual sugerido na habilidade. Assim, cada grupo pode fazer uso de esquemas ou diagramas para planejar desde os textos e imagens, até as ferramentas digitais que serão usadas; (2) Elaboração do texto a partir dos elementos elencados no planejamento; (3) Revisão textual, que pode ser proposta de modo que cada grupo faça comentários no texto do outro; (4) Edição para realizar ajustes e publicação dos textos na comunidade escolar."
EF89LP12,Ensino Fundamental,89,,Língua Portuguesa,12,"Planejar coletivamente a realização de um debate sobre tema previamente definido, de interesse coletivo, com regras acordadas e planejar, em grupo, participação em debate a partir do levantamento de informações e argumentos que possam sustentar o posicionamento a ser defendido (o que pode envolver entrevistas com especialistas, consultas a fontes diversas, o registro das informações e dados obtidos etc.), tendo em vista as condições de produção do debate – perfil dos ouvintes e demais participantes, objetivos do debate, motivações para sua realização, argumentos e estratégias de convencimento mais eficazes etc. e participar de debates regrados, na condição de membro de uma equipe de debatedor, apresentador/mediador, espectador (com ou sem direito a perguntas), e/ou de juiz/avaliador, como forma de compreender o funcionamento do debate, e poder participar de forma convincente, ética, respeitosa e crítica e desenvolver uma atitude de respeito e diálogo para com as ideias divergentes.",Oralidade,Estratégias de produção: planejamento e participação em debates regrados,sim,AF,,"• Identificar um problema.
• Estabelecer critérios que justifiquem uma escolha.
• Levantar informações e argumentos.
• Entrevistar especialistas.
• Fazer curadoria das fontes.
• Selecionar e tomar nota de informações e dados de pesquisa.
• Reconhecer a estrutura e a linguagem próprias do gênero debate.
• Estabelecer regras para o desenvolvimento do debate.
• Debater ideias usando diferentes tipos de operador argumentativo.
• Relacionar operadores argumentativos à posição assumida pelo interlocutor na defesa de uma tese.","CG:  2, 4, 7 e 10  CA: 2, e 4
CE: 6 e 8","EF: EF69LP11, EF69LP15, EF69LP19          AF: EF89LP03
AC: EF89LP15 e EF08LP04","Essa habilidade permite que o estudante vivencie um debate regrado assumindo diferentes papéis, como debatedor, mediador, espectador etc. Sugere-se que essa habilidade seja articulada a propostas de leitura de textos argumentativos como previsto na habilidade  EF89LP03. Outra possibilidade é fazer o levantamento de temas polêmicos que possam ser discutidos pela turma. Sugere-se que seja feito um planejamento para definir os papéis de cada estudante na proposta, praticar curadoria das informações, ou seja, selecionar argumentos para a proposta e estabelecer as regras.  Além de estabelecer os critérios de avaliação, é possível fazer um levantamento de expressões usadas nesse contexto, promovendo uma análise linguística voltada para a oralidade e a argumentação. Durante a realização do debate, sugere-se que os espectadores recebam rubricas para avaliá-lo.  Ao final, pode-se propor uma autoavaliação coletiva para que a turma se perceba no processo. A realização de um debate promove a capacidade de argumentar e analisar temas complexos e a agir de maneira consciente e ética. Sugere-se que esta habilidade seja complementada pela EF89LP15, que pressupõe a construção da oralidade dos estudantes por meio do uso de operadores argumentativos. Para tanto, pode-se propor, por exemplo, uma atividade  em que os estudantes reconheçam os possíveis operadores argumentativos e, em seguida, os relacione ao tipo de argumento ou posicionamento que ele introduz."
EF89LP13,Ensino Fundamental,89,,Língua Portuguesa,13,"Planejar entrevistas orais com pessoas ligadas ao fato noticiado, especialistas etc., como forma de obter dados e informações sobre os fatos cobertos sobre o tema ou questão discutida ou temáticas em estudo, levando em conta o gênero e seu contexto de produção, partindo do levantamento de informações sobre o entrevistado e sobre a temática e da elaboração de um roteiro de perguntas, garantindo a relevância das informações mantidas e a continuidade temática, realizar entrevista e fazer edição em áudio ou vídeo, incluindo uma contextualização inicial e uma fala de encerramento para publicação da entrevista isoladamente ou como parte integrante de reportagem multimidiática, adequando-a a seu contexto de publicação e garantindo a relevância das informações mantidas e a continuidade temática.",Oralidade,"Estratégias de produção: planejamento, realização e edição de entrevistas orais",sim,AF,EF67LP14,"• Reconhecer características do gênero entrevista e suas condições de produção.
• Elaborar um roteiro que apresente continuidade temática.
• Selecionar as informações a serem levantadas a partir do objetivo da entrevista.
• Realizar entrevista considerando o contexto e suas características.
• Realizar edição em áudio ou em vídeo.","CG:  2, 4 e 9
CA: 2 e 3
CE: 3, 6, 7 e 8","EF: EF69LP39      AF: EF89LP12                  AC: EF08LP04, EF89LP05 EF89LP15","A habilidade apresenta uma progressão em relação à EF67LP14. Nesse sentido, espera-se que, para desenvolvê-la, o estudante já tenha tido contado com o gênero, seu contexto de produção e com os procedimentos de levantamento de informações do entrevistado e  elaboração do roteiro de perguntas. Nesse sentido, propõe-se que esses procedimentos sejam retomados e ampliados para a produção de uma entrevista em áudio ou vídeo, incluindo atividades que promovam análise dos recursos multissemióticos desses textos e a possibilidade de a entrevista ser apresentada tanto como um gênero isolado quanto como parte de uma reportagem multimidiática. Para a produção, sugere-se as etapas de planejamento, textualização, gravação, revisão e reescrita/edição. Além disso, a entrevista pode ser parte de um projeto interdisciplinar, como forma de obter informações sobre o tema do projeto. Por fim, sugere-se que o texto/vídeo/áudio seja publicado e compartilhado com a comunidade escolar, por meio de blogs, site da escola, jornal, entre outros."
EF89LP14,Ensino Fundamental,89,,Língua Portuguesa,14,"Analisar, em textos argumentativos e propositivos, os movimentos argumentativos de sustentação, refutação e negociação e os tipos de argumentos, avaliando a força/tipo dos argumentos utilizados.",Análise linguística/semiótica,"Argumentação: movimentos argumentativos, tipos de argumento e força argumentativa",sim,AF,,"• Reconhecer os tipos de argumentos.
• Avaliar a força do argumento a partir do reconhecimento do seu tipo e das informações que apresenta.
• Comparar diferentes tipos de argumento.
• Reconhecer o movimento argumentativo a partir dos tipos de argumento utilizados.","CG: 4 e 7
CA: 2 e 4
CE: 2 e 6","EF:   EF69LP17, EF69LP19   AF: EF89LP03 e EF89LP04
AC: EF08LP09, EF08LP10,  EF08LP12, EF08LP13, EF08LP14, EF89LP31","A habilidade é considerada de foco por prever a análise de argumentos em textos argumentativos e propositivos. Sugere-se, portanto, que ela seja articulada às habilidades de leitura como EF89LP03, EF89LP04 e produção como a EF89LP12. Dessa forma, pode-se propor atividades que foquem nos tipos de argumentos. Por exemplo: é possível propor estações de aprendizagem com diferentes tipos de argumento. A partir dessa análise, pode-se propor a construção de um painel que mostre quais argumentos podem ser usados para sustentar um ponto de vista ou refutá-lo (como argumentos de autoridade e dados estatísticos) ou ainda quais podem ser usados para promover uma negociação.  Reitera-se que a análise desses argumentos deve ser atrelada a um contexto de leitura ou produção de um debate ou texto de opinião para possibilitar que o estudante perceba os movimentos argumentativos de modo contextualizado. Pode-se avaliar as aprendizagens por meio dos registros dos estudantes ou como um dos critérios na produção do texto ou do debate."
EF89LP15,Ensino Fundamental,89,,Língua Portuguesa,15,"Utilizar, nos debates, operadores argumentativos que marcam a defesa de ideia e de diálogo com a tese do outro: concordo, discordo, concordo parcialmente, do meu ponto de vista, na perspectiva aqui assumida etc.",Análise linguística/semiótica,Estilo,,,,,,,
EF89LP16,Ensino Fundamental,89,,Língua Portuguesa,16,"Analisar a modalização realizada em textos noticiosos e argumentativos, por meio das modalidades apreciativas, viabilizadas por classes e estruturas gramaticais como adjetivos, locuções adjetivas, advérbios, locuções adverbiais, orações adjetivas e adverbiais, orações relativas restritivas e explicativas etc., de maneira a perceber a apreciação ideológica sobre os fatos noticiados ou as posições implícitas ou assumidas.",Análise linguística/semiótica,Modalização,sim,AF,,"• Comparar o efeito de sentido de escolhas lexicais.
• Reconhecer a estrutura e o efeito de sentido das orações adjetivas e adverbiais.
• Comparar a estrutura e o efeito de sentido das orações restritivas e explicativas.
• Reconhecer o posicionamento ideológico de um texto jornalístico.
• Inferir posicionamentos.","CG: 4 e 7
CA: 2 e 4
CE: 2, 3 5  e 6","EF:   EF69LP03, EF69LP11                   AC: EF08LP05, EF08LP09, EF08LP10, EF08LP12,  EF08LP13,  EF08LP14, EF08LP16, EF89LP31, EF89LP05","A habilidade trata da análise linguística e semiótica contextualizada na leitura de textos noticiosos e argumentativos com o intuito de observar a questão da modalização. Nesse sentido, nota-se que inúmeros conceitos gramaticais são apresentados como possibilidades para essa análise. Por essa razão, sugere-se que esses conteúdos sejam apresentados de forma progressiva. Dessa forma, pode-se propor a análise, inicialmente, das classes de palavras na construção da modalização. Essa atividade pode ser feita em grupos e, depois as análises podem ser compartilhada com os demais alunos. Pode-se, ainda, propor a sistematização em uma tabela ou painel de modo que o estudante reconheça, sobretudo, o efeito de sentido da escolha dessas expressões. Reitera-se, ainda, a contextualização que a habilidade traz para a análise das orações subordinadas adjetivas e adverbiais. Nesse sentido, o foco não é a classificação dessas orações, mas o efeito de sentido provocado pelo seu uso. Por fim, a avaliação pode ser feita por meio dos registros dos estudantes evidenciando se eles conseguem reconhecer as posições implícitas ou assumidas dos textos ou ainda o posicionamento ideológico assumido."
EF89LP17,Ensino Fundamental,89,,Língua Portuguesa,17,"Relacionar textos e documentos legais e normativos de importância universal, nacional ou local que envolvam direitos, em especial, de crianças, adolescentes e jovens – tais como a Declaração dos Direitos Humanos, a Constituição Brasileira, o ECA -, e a regulamentação da organização escolar – por exemplo, regimento escolar -, a seus contextos de produção, reconhecendo e analisando possíveis motivações, finalidades e sua vinculação com experiências humanas e fatos históricos e sociais, como forma de ampliar a compreensão dos direitos e deveres, de fomentar os princípios democráticos e uma atuação pautada pela ética da responsabilidade (o outro tem direito a uma vida digna tanto quanto eu tenho).",Leitura,"Reconstrução do contexto de produção, circulação e recepção de textos legais e normativos",sim,AF,,"• Reconhecer o contexto de produção de textos legais e normativos (função social, autores, leitores, contexto sócio-histórico, suporte, entre outros).
• Relacionar os textos a fatos históricos e sociais.
• Analisar as motivações e finalidades considerando os fatos históricos e sociais.","CG: 4 e 7
CA: 2 e 4
CE: 2, 6 e 7","EF: EF89LP18, EF69LP20,   EF89LP22                   AF: EF89LP19, EF89LP20 e EF89LP23
AC: EF08LP07, EF08LP08, EF08LP09, EF08LP10, EF08LP11, EF08LP12, EF08LP13, EF08LP14, EF08LP15, EF08LP16, EF69LP28,  EF89LP31 e EF89LP32","Esta habilidade de leitura, prevê que o estudante seja capaz de relacionar textos e documentos legais e normativos a seus contextos de produção a fim de ampliar a compreensão dos direitos e deveres e de promover uma atuação alicerçada na ética e nos princípios democráticos. Nesse sentido, sugere-se que esta habilidade seja desenvolvida em um projeto, que pode ser interdisciplinar. Além disso, pode-se propor uma situação-problema para relacionar uma questão ao documento que a aborda. Por exemplo, pode-se propor uma situação em que  se observe os Direitos Humanos sendo desrespeitados e, a partir disso, a leitura do documento, que pode ser feita de modo compartilhado em pequenos grupos. A partir da identificação do documento, pode-se propor pesquisas ou entrevistas com especialistas que expliquem a motivação do documento e seu contexto sócio-histórico. O trabalho com essa habilidade também pode ser articulado com habilidades do campo jornalístico-midiático que proponham a elaboração de textos argumentativos, para ampliar o repertório dos estudantes. Por se tratar de uma habilidade prevista para 8º e 9º ano, pode-se propor uma análise dos documentos de maneira progressiva, do local para o universal, de modo a permitir análises aprofundadas. Como forma de avaliação, pode-se propor que os estudantes utilizem, como repertório de seus textos, os documentos lidos e analisados."
EF89LP18,Ensino Fundamental,89,,Língua Portuguesa,18,"Explorar e analisar instâncias e canais de participação disponíveis na escola (conselho de escola, outros colegiados, grêmio livre), na comunidade (associações, coletivos, movimentos, etc.), no munícipio ou no país, incluindo formas de participação digital, como canais e plataformas de participação (como portal e-cidadania), serviços, portais e ferramentas de acompanhamentos do trabalho de políticos e de tramitação de leis, canais de educação política, bem como de propostas e proposições que circulam nesses canais, de forma a participar do debate de ideias e propostas na esfera social e a engajar-se com a busca de soluções para problemas ou questões que envolvam a vida da escola e da comunidade.",Leitura,"Contexto de produção, circulação e recepção de textos e práticas relacionadas à defesa de direitos e à participação social",,,,,,,
EF89LP19,Ensino Fundamental,89,,Língua Portuguesa,19,"Analisar, a partir do contexto de produção, a forma de organização das cartas abertas, abaixo-assinados e petições on-line (identificação dos signatários, explicitação da reivindicação feita, acompanhada ou não de uma breve apresentação da problemática e/ou de justificativas que visam sustentar a reivindicação) e a proposição, discussão e aprovação de propostas políticas ou de soluções para problemas de interesse público, apresentadas ou lidas nos canais digitais de participação, identificando suas marcas linguísticas, como forma de possibilitar a escrita ou subscrição consciente de abaixo-assinados e textos dessa natureza e poder se posicionar de forma crítica e fundamentada frente às propostas.",Leitura,Relação entre contexto de produção e características composicionais e estilísticas dos gêneros,sim,AF,EF67LP17,"• Comparar cartas abertas, abaixo-assinados e petições on-line, reconhecendo suas semelhanças e diferenças.
• Reconhecer o contexto de produção dos textos de solicitação (função social, suporte, autor etc.).
• Relacionar a função social do texto à sua forma composicional.
• Analisar marcas linguísticas do gênero.","CG: 4 e 7
CA: 2 e 4
CE: 2, 6 e 7","EF: EF89LP18,  EF89LP22, EF89LP28                   AF: EF89LP17,  EF89LP20 e EF89LP23
AC: EF08LP07, EF08LP08, EF08LP09, EF08LP10, EF08LP11, EF08LP12, EF08LP13, EF08LP14, EF08LP15,  EF08LP16, EF89LP31, EF89LP05","A habilidade trata da análise do contexto de produção de textos reivindicatórios e propositivos que envolvem uma certa mobilização coletiva a respeito de um tema relevante para a comunidade e apresenta uma progressão em relação à habilidade EF67LP17. Por tratar de questões relevantes para a comunidade, sugere-se que essa habilidade seja desenvolvida por meio de um projeto em que os estudantes identifiquem a questão para a qual desejam solicitar uma intervenção. Para que o estudante reconheça os possíveis textos e suas condições de produção, sugere-se atividades, como rodas de leitura, estações de leitura ou ainda leituras em quebra-cabeça. Essas estratégias podem propor questões problematizadoras que os faça comparar as diferentes funções sociais de cartas abertas, abaixo-assinados e petições on-line e, consequentemente, suas diferenças estruturais e temáticas. Além dessas questões, sugere-se propor a análise da linguagem e dos argumentos mais comuns utilizados nesses tipos de texto. No 8º ano, pode-se propor uma articulação com as habilidades complementares que tratem dos conteúdos linguísticos previstos. Um exemplo é propor a análise do uso da voz ativa e voz passiva e seu efeito de sentido no texto, como previsto na habilidade EF08LP08. Salienta-se que muitas articulações são possíveis. Contudo, sugere-se que seja escolhida uma habilidade por atividade, para aprofundar as estratégias."
EF89LP20,Ensino Fundamental,89,,Língua Portuguesa,20,"Comparar propostas políticas e de solução de problemas, identificando o que se pretende fazer/implementar, por que (motivações, justificativas), para que (objetivos, benefícios e consequências esperados), como (ações e passos), quando etc. e a forma de avaliar a eficácia da proposta/solução, contrastando dados e informações de diferentes fontes, identificando coincidências, complementaridades e contradições, de forma a poder compreender e posicionar-se criticamente sobre os dados e informações usados em fundamentação de propostas e analisar a coerência entre os elementos, de forma a tomar decisões fundamentadas.",Leitura,Estratégias e procedimentos de leitura em textos reivindicatórios ou propositivos,sim,AF,,"• Identificar as condições de produção de propostas políticas e de solução de problemas (autor, alvo da proposta, público-alvo).
• Analisar uma proposta, considerando sua motivação, objetivo, meios, entre outros.
• Utilizar ferramentas de curadoria para verificar fontes e informações.
• Estabelecer relações entre as propostas a partir de sua análise.","CG: 4, 5 e 7
CA: 2 , 4 e 6
CE: 2, 6, 7 e 10","EF: EF89LP22,  EF89LP18,  EF89LP27, EF89LP28              AF: EF89LP17, EF89LP19 e EF89LP23
AC: EF08LP07, EF08LP08, EF08LP09, EF08LP10, EF08LP11, EF08LP12, EF08LP13, EF08LP14, EF08LP15,  EF08LP16, EF89LP31","Por se tratar de uma habilidade que apresenta uma série de objetivos de aprendizagem, sugere-se que ela seja desenvolvida por meio de atividades e projetos que perpassem os anos finais desta etapa. Nesse sentido, pode-se partir da análise de uma situação-problema (como a finalidade de eleições municipais, por exemplo) e solicitar que os estudantes acompanhem propostas de candidatos a vereadores que se relacionam com a comunidade escolar. Nesse sentido, pode-se solicitar que os estudantes pesquisem com as famílias suas intenções de voto para definir qual proposta ou projeto político eles irão acompanhar. A partir dessa escolha, pode-se propor que os estudantes identifiquem meios para acompanhar as propostas de seu candidato (redes sociais, canais oficiais, jornais e revistas) e identifiquem seus objetivos, motivações, entre outros. Propõe-se, ainda, que os estudantes sejam levados a discutir sobre possíveis ferramentas de curadoria, para identificar distorções ou fake news. O desenvolvimento da habilidade também prevê a avaliação da coerência dessas informações. Como forma de comparar as diferentes propostas e ferramentas, pode-se propor a construção de um painel coletivo em que os estudantes indiquem as fontes consultadas e suas conclusões."
EF89LP21,Ensino Fundamental,89,,Língua Portuguesa,21,"Realizar enquetes e pesquisas de opinião, de forma a levantar prioridades, problemas a resolver ou propostas que possam contribuir para melhoria da escola ou da comunidade, caracterizar demanda/necessidade, documentando-a de diferentes maneiras por meio de diferentes procedimentos, gêneros e mídias e, quando for o caso, selecionar informações e dados relevantes de fontes pertinentes diversas (sites, impressos, vídeos etc.), avaliando a qualidade e a utilidade dessas fontes, que possam servir de contextualização e fundamentação de propostas, de forma a justificar a proposição de propostas, projetos culturais e ações de intervenção.",Produção de textos,Estratégia de produção: planejamento de textos reivindicatórios ou propositivos,sim,AF,EF67LP20,"• Identificar problemas relacionados à comunidade.
• Realizar enquetes e pesquisas de opinião.
• Reconhecer gêneros e mídias adequados ao contexto.
• Selecionar informações e dados.
• Avaliar informações a fim de fundamentar ações.","CG: 4 e 7
CA: 2 e 4
CE: 3 e 6","EF: EF69LP14      AF: EF89LP17, EF89LP19, EF89LP20, EF89LP23,  EF89LP24                       AC: EF08LP07, EF08LP08, EF08LP09, EF08LP10, EF08LP11, EF08LP12, EF08LP13, EF08LP14, EF08LP15 e EF08LP16","Essa habilidade prevê a realização de enquetes e pesquisas de opinião. Por essa razão, sugere-se que se considere os conhecimentos prévios dos estudantes a respeito da função social dessas pesquisas e em que contexto eles já tiveram contato com ela. Espera-se que eles relatem sobre pesquisas eleitorais ou ainda enquetes realizadas em sites ou mídias sociais sobre questões diversas. Além disso, pode-se propor uma exploração do ambiente virtual para que eles pesquisem por enquetes ou vídeos de pesquisa de opinião.
A partir do reconhecimento do contexto de produção dos gêneros, sugere-se levantar coletivamente uma questão. Nesse sentido, essa habilidade pode estar articulada a um projeto que vise melhoria ou intervenção na comunidade escolar. Outra possibilidade é dividir os estudantes em grupos para que cada um deles fique responsável por uma parte do processo: organizar as perguntas, realizar as pesquisas, levantar os dados, compilar os dados para apresentação, entre outros. A partir do levantamento desses dados, pode-se articulá-los a produções de textos argumentativos ou propositivos de modo a embasar argumentos."
EF89LP22,Ensino Fundamental,89,,Língua Portuguesa,22,"Compreender e comparar as diferentes posições e interesses em jogo em uma discussão ou apresentação de propostas, avaliando a validade e força dos argumentos e as consequências do que está sendo proposto e, quando for o caso, formular e negociar propostas de diferentes naturezas relativas a interesses coletivos envolvendo a escola ou comunidade escolar.",Oralidade,Escuta Apreender o sentido geral dos textos Apreciação e réplica Produção/Proposta,,,,,,,
EF89LP23,Ensino Fundamental,89,,Língua Portuguesa,23,"Analisar, em textos argumentativos, reivindicatórios e propositivos, os movimentos argumentativos utilizados (sustentação, refutação e negociação), avaliando a força dos argumentos utilizados.",Análise linguística/semiótica,Movimentos argumentativos e força dos argumentos,sim,AF,,"• Identificar em textos argumentativos diferentes tipos de argumento.
• Comparar tipos de argumento e justificar sua consistência na defesa de tese.
• Reconhecer as cararcterísticas estruturais e de linguagem dos textos reivindicatórios e propositivos.
• Avaliar a coerência e fundamentação dos tipos de argumento apresentados em textos reivindicatórios e propositivos.","CG: 4 e 7
CA: 2 e 4
CE: 3 e 6","EF: EF89LP22 ,  EF89LP27,  EF89LP28           AF: EF89LP14, EF89LP17,  EF89LP19, EF89LP20
AC: EF08LP07, EF08LP08, EF08LP09, EF08LP10, EF08LP11, EF08LP12, EF08LP13, EF08LP14, EF08LP15 e EF08LP16, EF89LP31, EF89LP29","A habilidade apresenta uma progressão com relação à habilidade EF89LP14, pois inclui os textos reivindicatórios, próprios do campo de atuação na vida pública. Sugere-se, portanto, que ela seja articulada às habilidades de leitura desse campo como a EF89LP19. Dessa forma, pode-se propor atividades que foquem nos tipos de argumentos possíveis para esse contexto. Nesse sentido, sugere-se que sejam feitas atividades para reconhecer os tipos de argumentos possíveis utilizando métodos ativos de aprendizagem, como estações de aprendizagem ou grupos, que visam o trabalho colaborativo. Além disso, a fim de promover a capacidade de comparar os argumentos, pode-se propor uma roda de conversa que busque a análise de argumentos que são mais consistentes. Outra questão importante é associar a análise dos argumentos às condições de produção, recepção e circulação do texto (como função social, suporte, autor, público-alvo, entre outros). Como possibilidade de avaliação, pode-se observar as colocações dos estudantes frente à análise dos argumentos ou ainda como parte do critério de uma produção oral ou escrita. A análise dos argumentos em textos da vida pública permitem o desenvolvimento de cidadãos atuantes e conscientes de seus direitos e deveres, contribuindo, também, para a construção de Projetos de Vida."
EF89LP24,Ensino Fundamental,89,,Língua Portuguesa,24,"Realizar pesquisa, estabelecendo o recorte das questões, usando fontes abertas e confiáveis.",Leitura,Curadoria de informação,sim,AF,EF67LP20,"• Utilizar diferentes ferramentas de curadoria de informações.
• Verificar a fidedignidade das fontes pesquisadas.
• Realizar pesquisa, a partir de recortes e questões definidos previamente.","CG: 2
CA: 2
CE: 2 e 8","EF: EF89LP28, EF69LP38            AF: EF89LP25 e EF89LP30","A progressão desta habilidade em relação à EF67LP20 ocorre na indicação de que as pesquisas a serem realizadas pelos estudantes devem ser feitas, no 8º e 9º ano, usando fontes abertas e confiáveis. Nesse caso, está pressuposto que os estudantes já tenham construído estratégias e procedimentos que lhes permitam saber em quais fontes abertas são confiáveis para fazer uma pesquisa, ou seja, eles já são capazes de identificar e descartar as fontes não confiáveis e problematizar enfoques tendenciosos, superficiais ou mesmo inverdades. Por exemplo: eles já reconhecem que supostos textos de divulgação científica publicados em sites de autoria desconhecida, de enciclopédias colaborativas ou em blogs de autores sem nenhuma formação na área de saber a que o artigo se destina, sem indicação e comprovação científica podem não ser fontes seguras."
EF89LP25,Ensino Fundamental,89,,Língua Portuguesa,25,"Divulgar o resultado de pesquisas por meio de apresentações orais, verbetes de enciclopédias colaborativas, reportagens de divulgação científica, vlogs científicos, vídeos de diferentes tipos etc.",Produção de textos,"Estratégias de escrita: textualização, revisão e edição",sim,AF,"EF67LP21, EF67LP25","• Reconhecer e selecionar o gênero de divulgação adequado ao contexto.
• Reconhecer as características do gênero.
• Reconhecer e utilizar mecanismos de progressão temática.
• Planejar e produzir o texto com a utilização de divulgação de pesquisa de acordo com sua estrutura e linguagem.","CG: 2
CA: 2
CE: 2, 8 e10","EF:  EF69LP35, EF69LP36, EF69LP38                        AF: EF89LP24     AC: EF89LP29, EF89LP31","Fomentando a curiosidade intelectual e a capacidade investigativa dos estudantes, as situações de pesquisa devem permitir que eles busquem informações e construam saberes sobre diferentes temas relacionados ao próprio componente Língua Portuguesa, aos componentes das demais da área de Linguagens e das outras áreas de conhecimento. Apesar de indicar o mesmo processo cognitivo (capacidade de divulgar os resultados de pesquisas) previsto na habilidade EF67LP21, esta habilidade apresenta progressão de aprendizagem, pois indica outros gêneros discursivos de divulgação que envolvem outras tessituras. Por exemplo: se antes, era esperado que os estudantes produzissem verbetes enciclopédicos, agora serão produzidos verbetes de enciclopédias colaborativas, próprias dos ambientes digitais. Nesse caso, o que está em jogo nessa produção é a capacidade de os estudantes, a partir do conhecimento teórico sobre um tema construído por meio da pesquisa, inserirem nessa enciclopédia informações que permitam aos usuários (leitores) aprenderem sobre esse tema, além de obterem fontes nas quais podem procurar mais informações e aprofundar conhecimentos. E também a construção de respeito e princípios democráticos, uma vez que esse tipo de produção exige capacidade de interação, colaboração, cooperação, participação e escrita coletiva."
EF89LP26,Ensino Fundamental,89,,Língua Portuguesa,26,"Produzir resenhas, a partir das notas e/ou esquemas feitos, com o manejo adequado das vozes envolvidas (do resenhador, do autor da obra e, se for o caso, também dos autores citados na obra resenhada), por meio do uso de paráfrases, marcas do discurso reportado e citações.",Produção de textos,"Estratégias de escrita: textualização, revisão e edição",sim,AF,EF67LP25; EF67LP22,"• Selecionar as ideias principais de um texto organizando-as em notas ou esquema.
• Planejar o texto, reconhecendo os argumentos a serem utilizados.
• Produzir o texto, reconhecendo as diferentes vozes (do resenhador e do autor da obra), fazendo uso das tipologias expositiva e argumentativa.
• Utilizar mecanismos de coesão, paráfrase e modalização epistêmica .
• Analisar os mecanismos de reformulação e paráfrase utilizados nos textos de divulgação do conhecimento. • Revisar e editar o texto.","CG: 2
CA: 2
CE: 2, 3, 5 e 6","EF: EF69LP35, EF69LP36                  AC: EF08LP04, EF08LP05,  EF89LP31, EF89LP29","Esta habilidade apresenta progressão sobre a habilidade EF67LP22, considerando que pressupõe duas capacidades complementares: a de expor e argumentar sobre a obra lida (texto, capítulo de livro, livro inteiro, filme, vídeo etc.). Nesse caso, diferentemente de apenas resumir as ideias principais do texto, os estudantes devem ser capazes também de manifestar um posicionamento sobre a obra resenhada. A proposta da habilidade indica que a capacidade de resumir e resenhar são utilizadas, no contexto da pesquisa, como ferramentas para a produção de outros textos de divulgação de estudos e pesquisas. Além disso, pressupõe o conhecimento e uso de outros gêneros próprios do campo das práticas de estudo e pesquisa, como tomada de nota e esquema, para a organização do texto-fonte, sintetizando e hierarquizando ideias e informações. Nesse sentido, o estudante precisa mobilizar e fazer uso de recursos e estratégias que promovem o manejo e a construção discursiva do texto. São esses mecanismos e estratégias, relacionados ao próprio repertório temático, estrutural e de linguagem, que permitem ao estudante desenvolver suas capacidades como leitor e produtor de texto."
EF89LP27,Ensino Fundamental,89,,Língua Portuguesa,27,"Tecer considerações e formular problematizações pertinentes, em momentos oportunos, em situações de aulas, apresentação oral, seminário etc.",Oralidade,Conversação espontânea,,,,,,,
EF89LP28,Ensino Fundamental,89,,Língua Portuguesa,28,"Tomar nota de videoaulas, aulas digitais, apresentações multimídias, vídeos de divulgação científica, documentários e afins, identificando, em função dos objetivos, informações principais para apoio ao estudo e realizando, quando necessário, uma síntese final que destaque e reorganize os pontos ou conceitos centrais e suas relações e que, em alguns casos, seja acompanhada de reflexões pessoais, que podem conter dúvidas, questionamentos, considerações etc.",Oralidade,Tomada de nota,,,,,,,
EF89LP29,Ensino Fundamental,89,,Língua Portuguesa,29,"Utilizar e perceber mecanismos de progressão temática, tais como retomadas anafóricas (“que, cujo, onde”, pronomes do caso reto e oblíquos, pronomes demonstrativos, nomes correferentes etc.), catáforas (remetendo para adiante ao invés de retomar o já dito), uso de organizadores textuais, de coesivos etc., e analisar os mecanismos de reformulação e paráfrase utilizados nos textos de divulgação do conhecimento.",Análise linguística/semiótica,Progressão temática,,,,,,,
EF89LP30,Ensino Fundamental,89,,Língua Portuguesa,30,Analisar a estrutura de hipertexto e hiperlinks em textos de divulgação científica que circulam na Web e proceder à remissão a conceitos e relações por meio de links.,Análise linguística/semiótica,Textualização,sim,AF,EF67LP01,"• Reconhecer a estrutura de hipertexto e hiperlinks em textos de divulgação científica na internet.
• Reconhecer a  função do hiperlink e do hipertexto.
• Analisar de que modo os hiperlinks e os hipertextos mudam a maneira como se lê um texto na internet.
• Selecionar informações.","CG: 2
CA: 2
CE: 2 e 10",EF: EF89LP28             AF: EF89LP24 e EF89LP25     AC: EF89LP05,"Esta habilidade pressupõe que os estudantes aprendam a fazer leituras não lineares dos textos, considerando o sentido do hipertexto como blocos de textos ligados por palavras, partes de texto ou mesmo por imagens. Nesse caso, independente do gênero e do suporte, pode-se apresentar esses elementos organizacionais que permitem ao leitor transitar pelo texto de forma não linear, descontínua, com rupturas, com trechos que são pulados e não lidos, seguindo para os blocos de maior interesse. Esse tipo de leitura, embora não sendo exclusiva dos textos digitais, é bastante comuns nas páginas da internet, que oferecem ao leitor muitos hipertextos. Além disso, a habilidade trata também dos hiperlink, ou simplesmente links, que dão a possibilidade ao leitor, de clicar sobre uma palavra, abrir uma nova página da web, entrar em um site etc. Nesse caso, a habilidade pressupõe que os estudantes, já sendo nativos digitais, possam construir uma compreensão da funcionalidade dos hipertextos e hiperlinks na construção de sentidos, na alusão a conceitos em um dado texto que podem imediatamente ter seus verbetes explicativos “linkados” no próprio texto, clareando dúvidas, complementando, aprofundando,  mas sempre mantendo relação direta com o assunto tratado no texto-base etc."
EF89LP31,Ensino Fundamental,89,,Língua Portuguesa,31,"Analisar e utilizar modalização epistêmica, isto é, modos de indicar uma avaliação sobre o valor de verdade e as condições de verdade de uma proposição, tais como os asseverativos – quando se concorda com (“realmente, evidentemente, naturalmente, efetivamente, claro, certo, lógico, sem dúvida” etc.) ou discorda de (“de jeito nenhum, de forma alguma”) uma ideia; e os quase-asseverativos, que indicam que se considera o conteúdo como quase certo (“talvez, assim, possivelmente, provavelmente, eventualmente”).",Análise linguística/semiótica,Modalização,,,,,,,
EF89LP32,Ensino Fundamental,89,,Língua Portuguesa,32,"Analisar os efeitos de sentido decorrentes do uso de mecanismos de intertextualidade (referências, alusões, retomadas) entre os textos literários, entre esses textos literários e outras manifestações artísticas (cinema, teatro, artes visuais e midiáticas, música), quanto aos temas, personagens, estilos, autores etc., e entre o texto original e paródias, paráfrases, pastiches, trailer honesto, vídeos-minuto, vidding, dentre outros.",Leitura,Relação entre textos,,,,,,,
EF89LP33,Ensino Fundamental,89,,Língua Portuguesa,33,"Ler, de forma autônoma, e compreender – selecionando procedimentos e estratégias de leitura adequados a diferentes objetivos e levando em conta características dos gêneros e suportes – romances, contos contemporâneos, minicontos, fábulas contemporâneas, romances juvenis, biografias romanceadas, novelas, crônicas visuais, narrativas de ficção científica, narrativas de suspense, poemas de forma livre e fixa (como haicai), poema concreto, ciberpoema, dentre outros, expressando avaliação sobre o texto lido e estabelecendo preferências por gêneros, temas, autores.",Leitura,Apreciação e réplica,,,,,,,
EF89LP34,Ensino Fundamental,89,,Língua Portuguesa,34,"Analisar a organização de texto dramático apresentado em teatro, televisão, cinema, identificando e percebendo os sentidos decorrentes dos recursos linguísticos e semióticos que sustentam sua realização como peça teatral, novela, filme etc.",Leitura,Reconstrução da textualidade e compreensão dos efeitos de sentidos provocados pelos usos de recursos linguísticos e multissemióticos,,,,,,,
EF89LP35,Ensino Fundamental,89,,Língua Portuguesa,35,"Criar contos ou crônicas (em especial, líricas), crônicas visuais, minicontos, narrativas de aventura e de ficção científica, dentre outros, com temáticas próprias ao gênero, usando os conhecimentos sobre os constituintes estruturais e recursos expressivos típicos dos gêneros narrativos pretendidos, e, no caso de produção em grupo, ferramentas de escrita colaborativa.",Produção de textos,Construção da textualidade,sim,AF,"EF67LP27, EF67LP30 e EF67LP31","• Planejar o texto, levando em consideração as características do gênero, o recorte temático, o leitor pretendido, o suporte, o contexto de circulação e as especificidades do texto literário.
• Produzir o texto levando em  consideração as características do gênero, o recorte temático, o leitor pretendido, o suporte, o contexto de circulação e as especificidades do texto literário.
• Revisar o texto produzido.
• Reescrever e editar o texto produzido.","CG: 3
CA: 5
CE: 2, 3, 9 e 10","EF: EF89LP32,   EF89LP33,  EF69LP53, EF69LP54                        AC: EF08LP04,  EF08LP05, EF08LP09, EF89LP37
AF: EF89LP29","A produção textual, nesta habilidade, pressupõe vários conhecimentos, como o do reconhecimento da temática e da estrutura textual e dos recursos expressivos de cada gênero discursivo que será produzido. Esses conhecimentos internos apontam um percurso progressivo de construção de um saber sobre os textos narrativos, de diferentes gêneros, tendo de ser capaz de produzi-los. Além disso, também pressupõe a experimentação do fazer literário dos gêneros literários narrativos, o que marca a progressão de aprendizagem com relação à habilidade EF67LP31, uma vez que apresenta novos desafios ao estudantes, como a questão dos recursos expressivos e das ferramenta de escrita colaborativa. A produção também deve ser desenvolvida processualmente, de modo a envolver as operações de planejamento, produção, revisão, reescrita e edição dos textos. Além disso, é necessário planejar situações de leitura em voz alta ou compartilhada a fim de fornecer repertório para que os estudantes possam reconhecer as características dos gêneros, tanto formais quanto estilísticas. A habilidade também trata de atividades em grupos para que o texto seja construído de modo colaborativo (ferramenta de edição de texto, ferramenta de apresentação de slides, e-mail, aplicativos de edição de texto online etc.), entre outros recursos."
EF89LP36,Ensino Fundamental,89,,Língua Portuguesa,36,"Parodiar poemas conhecidos da literatura e criar textos em versos (como poemas concretos, ciberpoemas, haicais, liras, microrroteiros, lambe-lambes e outros tipos de poemas), explorando o uso de recursos sonoros e semânticos (como figuras de linguagem e jogos de palavras) e visuais (como relações entre imagem e texto verbal e distribuição da mancha gráfica), de forma a propiciar diferentes efeitos de sentido.",Produção de textos,Relação entre textos,sim,AF,"EF67LP28, EF67LP27 e  EF67LP31","• Usar diferentes recursos sonoros, semânticos e visuais na produção de poemas.
• Reconhecer as características estruturais, linguísticas e multissemióticas de cada tipo de poema.
• Relacionar recursos sonoros, semânticos e visuais aos efeitos de sentido que imprimem ao texto.
• Reconhecer intertextualidade explícita e implícita.
• Utilizar mecanismos de intertextualidade na produção de paródias.","CG: 3
CA:5
CE: 2, 3 e 9","EF: EF69LP48, EF69LP53, EF69LP54           AC: EF08LP04, EF08LP06 e EF89LP37
EF: EF89LP32","Essa habilidade trata da construção dos sentidos nos textos em versos, pressupondo o conhecimento dos gêneros a serem parodiados (no caso, poema em suas diferentes formas), e dos recursos linguísticos, visuais, sonoros e semânticos usados nessa produção. Os estudantes precisam se apropriar desses recursos para saber usá-los em produções de outros textos e de paródias, o que envolve mecanismos complexos, próprios das relações intertextuais e interdiscursivas entre textos diversos, explorando os modos como os textos dialogam e se retroalimentam. É preciso considerar também que, para serem capazes de parodiar textos-base, antes é necessário que os estudantes conheçam, interpretem e analisem o texto-base no que condiz à sua estrutura, linguagem, estilo, temática, ou seja, precisam passar por todo o processo de leitura desse texto, desenvolvendo habilidades que lhes permitam compreendê-lo, apreciá-lo e perceber seus múltiplos sentidos. A habilidade apresenta progressão em relação à habilidade EF67LP31, uma vez que os estudantes precisam necessariamente conhecer o gênero poema, estilos, tipos de versos (livre/forma fixa), recursos visuais semânticos e sonoros, tais como cadências, ritmos e rimas, e poemas visuais e vídeo-poemas, explorando as relações entre imagem e texto verbal, a distribuição da mancha gráﬁca (poema visual) e outros recursos visuais e sonoros. A produção textual propriamente dita exige uma capacidade de recriação da obra original, adaptando o texto-base a um novo texto."
EF89LP37,Ensino Fundamental,89,,Língua Portuguesa,37,"Analisar os efeitos de sentido do uso de figuras de linguagem como ironia, eufemismo, antítese, aliteração, assonância, dentre outras.",Análise linguística/semiótica,Figuras de linguagem,,,,,,,
EI01CG01,Educação Infantil,Bebês (0 a 1a6m),"Corpo, gestos e movimentos",,01,"Movimentar as partes do corpo para exprimir corporalmente emoções, necessidades e desejos.",,,,,,,,,
EI01CG02,Educação Infantil,Bebês (0 a 1a6m),"Corpo, gestos e movimentos",,02,Experimentar as possibilidades corporais nas brincadeiras e interações em ambientes acolhedores e desafiantes.,,,,,,,,,
EI01CG03,Educação Infantil,Bebês (0 a 1a6m),"Corpo, gestos e movimentos",,03,"Imitar gestos e movimentos de outras crianças, adultos e animais.",,,,,,,,,
EI01CG04,Educação Infantil,Bebês (0 a 1a6m),"Corpo, gestos e movimentos",,04,Participar do cuidado do seu corpo e da promoção do seu bem-estar.,,,,,,,,,
EI01CG05,Educação Infantil,Bebês (0 a 1a6m),"Corpo, gestos e movimentos",,05,"Utilizar os movimentos de preensão, encaixe e lançamento, ampliando suas possibilidades de manuseio de diferentes materiais e objetos.",,,,,,,,,
EI01EF01,Educação Infantil,Bebês (0 a 1a6m),"Escuta, fala, pensamento e imaginação",,01,Reconhecer quando é chamado por seu nome e reconhecer os nomes de pessoas com quem convive.,,,,,,,,,
EI01EF02,Educação Infantil,Bebês (0 a 1a6m),"Escuta, fala, pensamento e imaginação",,02,Demonstrar interesse ao ouvir a leitura de poemas e a apresentação de músicas.,,,,,,,,,
EI01EF03,Educação Infantil,Bebês (0 a 1a6m),"Escuta, fala, pensamento e imaginação",,03,"Demonstrar interesse ao ouvir histórias lidas ou contadas, observando ilustrações e os movimentos de leitura do adulto-leitor (modo de segurar o portador e de virar as páginas).",,,,,,,,,
EI01EF04,Educação Infantil,Bebês (0 a 1a6m),"Escuta, fala, pensamento e imaginação",,04,"Reconhecer elementos das ilustrações de histórias, apontando-os, a pedido do adulto-leitor.",,,,,,,,,
EI01EF05,Educação Infantil,Bebês (0 a 1a6m),"Escuta, fala, pensamento e imaginação",,05,"Imitar as variações de entonação e gestos realizados pelos adultos, ao ler histórias e ao cantar.",,,,,,,,,
EI01EF06,Educação Infantil,Bebês (0 a 1a6m),"Escuta, fala, pensamento e imaginação",,06,"Comunicar-se com outras pessoas usando movimentos, gestos, balbucios, fala e outras formas de expressão.",,,,,,,,,
EI01EF07,Educação Infantil,Bebês (0 a 1a6m),"Escuta, fala, pensamento e imaginação",,07,"Conhecer e manipular materiais impressos e audiovisuais em diferentes portadores (livro, revista, gibi, jornal, cartaz, CD, tablet etc.).",,,,,,,,,
EI01EF08,Educação Infantil,Bebês (0 a 1a6m),"Escuta, fala, pensamento e imaginação",,08,"Participar de situações de escuta de textos em diferentes gêneros textuais (poemas, fábulas, contos, receitas, quadrinhos, anúncios etc.).",,,,,,,,,
EI01EF09,Educação Infantil,Bebês (0 a 1a6m),"Escuta, fala, pensamento e imaginação",,09,Conhecer e manipular diferentes instrumentos e suportes de escrita.,,,,,,,,,
EI01EO01,Educação Infantil,Bebês (0 a 1a6m),"O eu, o outro e o nós",,01,Perceber que suas ações têm efeitos nas outras crianças e nos adultos.,,,,,,,,,
EI01EO02,Educação Infantil,Bebês (0 a 1a6m),"O eu, o outro e o nós",,02,Perceber as possibilidades e os limites de seu corpo nas brincadeiras e interações das quais participa.,,,,,,,,,
EI01EO03,Educação Infantil,Bebês (0 a 1a6m),"O eu, o outro e o nós",,03,"Interagir com crianças da mesma faixa etária e adultos ao explorar espaços, materiais, objetos, brinquedos.",,,,,,,,,
EI01EO04,Educação Infantil,Bebês (0 a 1a6m),"O eu, o outro e o nós",,04,"Comunicar necessidades, desejos e emoções, utilizando gestos, balbucios, palavras.",,,,,,,,,
EI01EO05,Educação Infantil,Bebês (0 a 1a6m),"O eu, o outro e o nós",,05,"Reconhecer seu corpo e expressar suas sensações em momentos de alimentação, higiene, brincadeira e descanso.",,,,,,,,,
EI01EO06,Educação Infantil,Bebês (0 a 1a6m),"O eu, o outro e o nós",,06,"Interagir com outras crianças da mesma faixa etária e adultos, adaptando-se ao convívio social.",,,,,,,,,
EI01ET01,Educação Infantil,Bebês (0 a 1a6m),"Espaços, tempos, quantidades, relações e transformações",,01,"Explorar e descobrir as propriedades de objetos e materiais (odor, cor, sabor, temperatura).",,,,,,,,,
EI01ET02,Educação Infantil,Bebês (0 a 1a6m),"Espaços, tempos, quantidades, relações e transformações",,02,"Explorar relações de causa e efeito (transbordar, tingir, misturar, mover e remover etc.) na interação com o mundo físico.",,,,,,,,,
EI01ET03,Educação Infantil,Bebês (0 a 1a6m),"Espaços, tempos, quantidades, relações e transformações",,03,"Explorar o ambiente pela ação e observação, manipulando, experimentando e fazendo descobertas.",,,,,,,,,
EI01ET04,Educação Infantil,Bebês (0 a 1a6m),"Espaços, tempos, quantidades, relações e transformações",,04,"Manipular, experimentar, arrumar e explorar o espaço por meio de experiências de deslocamentos de si e dos objetos.",,,,,,,,,
EI01ET05,Educação Infantil,Bebês (0 a 1a6m),"Espaços, tempos, quantidades, relações e transformações",,05,Manipular materiais diversos e variados para comparar as diferenças e semelhanças entre eles.,,,,,,,,,
EI01ET06,Educação Infantil,Bebês (0 a 1a6m),"Espaços, tempos, quantidades, relações e transformações",,06,"Vivenciar diferentes ritmos, velocidades e fluxos nas interações e brincadeiras (em danças, balanços, escorregadores etc.).",,,,,,,,,
EI01TS01,Educação Infantil,Bebês (0 a 1a6m),"Traços, sons, cores e formas",,01,Explorar sons produzidos com o próprio corpo e com objetos do ambiente.,,,,,,,,,
EI01TS02,Educação Infantil,Bebês (0 a 1a6m),"Traços, sons, cores e formas",,02,"Traçar marcas gráficas, em diferentes suportes, usando instrumentos riscantes e tintas.",,,,,,,,,
EI01TS03,Educação Infantil,Bebês (0 a 1a6m),"Traços, sons, cores e formas",,03,"Explorar diferentes fontes sonoras e materiais para acompanhar brincadeiras cantadas, canções, músicas e melodias.",,,,,,,,,
EI02CG01,Educação Infantil,Crianças bem pequenas (1a7m a 3a11m),"Corpo, gestos e movimentos",,01,Apropriar-se de gestos e movimentos de sua cultura no cuidado de si e nos jogos e brincadeiras.,,,,,,,,,
EI02CG02,Educação Infantil,Crianças bem pequenas (1a7m a 3a11m),"Corpo, gestos e movimentos",,02,"Deslocar seu corpo no espaço, orientando-se por noções como em frente, atrás, no alto, embaixo, dentro, fora etc., ao se envolver em brincadeiras e atividades de diferentes naturezas.",,,,,,,,,
EI02CG03,Educação Infantil,Crianças bem pequenas (1a7m a 3a11m),"Corpo, gestos e movimentos",,03,"Explorar formas de deslocamento no espaço (pular, saltar, dançar), combinando movimentos e seguindo orientações.",,,,,,,,,
EI02CG04,Educação Infantil,Crianças bem pequenas (1a7m a 3a11m),"Corpo, gestos e movimentos",,04,Demonstrar progressiva independência no cuidado do seu corpo.,,,,,,,,,
EI02CG05,Educação Infantil,Crianças bem pequenas (1a7m a 3a11m),"Corpo, gestos e movimentos",,05,"Desenvolver progressivamente as habilidades manuais, adquirindo controle para desenhar, pintar, rasgar, folhear, entre outros.",,,,,,,,,
EI02EF01,Educação Infantil,Crianças bem pequenas (1a7m a 3a11m),"Escuta, fala, pensamento e imaginação",,01,"Dialogar com crianças e adultos, expressando seus desejos, necessidades, sentimentos e opiniões.",,,,,,,,,
EI02EF02,Educação Infantil,Crianças bem pequenas (1a7m a 3a11m),"Escuta, fala, pensamento e imaginação",,02,Identificar e criar diferentes sons e reconhecer rimas e aliterações em cantigas de roda e textos poéticos.,,,,,,,,,
EI02EF03,Educação Infantil,Crianças bem pequenas (1a7m a 3a11m),"Escuta, fala, pensamento e imaginação",,03,"Demonstrar interesse e atenção ao ouvir a leitura de histórias e outros textos, diferenciando escrita de ilustrações, e acompanhando, com orientação do adulto- -leitor, a direção da leitura (de cima para baixo, da esquerda para a direita).",,,,,,,,,
EI02EF04,Educação Infantil,Crianças bem pequenas (1a7m a 3a11m),"Escuta, fala, pensamento e imaginação",,04,"Formular e responder perguntas sobre fatos da história narrada, identificando cenários, personagens e principais acontecimentos.",,,,,,,,,
EI02EF05,Educação Infantil,Crianças bem pequenas (1a7m a 3a11m),"Escuta, fala, pensamento e imaginação",,05,"Relatar experiências e fatos acontecidos, histórias ouvidas, filmes ou peças teatrais assistidos etc.",,,,,,,,,
EI02EF06,Educação Infantil,Crianças bem pequenas (1a7m a 3a11m),"Escuta, fala, pensamento e imaginação",,06,"Criar e contar histórias oralmente, com base em imagens ou temas sugeridos.",,,,,,,,,
EI02EF07,Educação Infantil,Crianças bem pequenas (1a7m a 3a11m),"Escuta, fala, pensamento e imaginação",,07,"Manusear diferentes portadores textuais, demonstrando reconhecer seus usos sociais.",,,,,,,,,
EI02EF08,Educação Infantil,Crianças bem pequenas (1a7m a 3a11m),"Escuta, fala, pensamento e imaginação",,08,"Manipular textos e participar de situações de escuta para ampliar seu contato com diferentes gêneros textuais (parlendas, histórias de aventura, tirinhas, cartazes de sala, cardápios, notícias etc.).",,,,,,,,,
EI02EF09,Educação Infantil,Crianças bem pequenas (1a7m a 3a11m),"Escuta, fala, pensamento e imaginação",,09,"Manusear diferentes instrumentos e suportes de escrita para desenhar, traçar letras e outros sinais gráficos.",,,,,,,,,
EI02EO01,Educação Infantil,Crianças bem pequenas (1a7m a 3a11m),"O eu, o outro e o nós",,01,Demonstrar atitudes de cuidado e solidariedade na interação com crianças e adultos.,,,,,,,,,
EI02EO02,Educação Infantil,Crianças bem pequenas (1a7m a 3a11m),"O eu, o outro e o nós",,02,Demonstrar imagem positiva de si e confiança em sua capacidade para enfrentar dificuldades e desafios.,,,,,,,,,
EI02EO03,Educação Infantil,Crianças bem pequenas (1a7m a 3a11m),"O eu, o outro e o nós",,03,Compartilhar os objetos e os espaços com crianças da mesma faixa etária e adultos.,,,,,,,,,
EI02EO04,Educação Infantil,Crianças bem pequenas (1a7m a 3a11m),"O eu, o outro e o nós",,04,"Comunicar-se com os colegas e os adultos, buscando compreendê-los e fazendo-se compreender.",,,,,,,,,
EI02EO05,Educação Infantil,Crianças bem pequenas (1a7m a 3a11m),"O eu, o outro e o nós",,05,"Perceber que as pessoas têm características físicas diferentes, respeitando essas diferenças.",,,,,,,,,
EI02EO06,Educação Infantil,Crianças bem pequenas (1a7m a 3a11m),"O eu, o outro e o nós",,06,Respeitar regras básicas de convívio social nas interações e brincadeiras.,,,,,,,,,
EI02EO07,Educação Infantil,Crianças bem pequenas (1a7m a 3a11m),"O eu, o outro e o nós",,07,"Resolver conflitos nas interações e brincadeiras, com a orientação de um adulto.",,,,,,,,,
EI02ET01,Educação Infantil,Crianças bem pequenas (1a7m a 3a11m),"Espaços, tempos, quantidades, relações e transformações",,01,"Explorar e descrever semelhanças e diferenças entre as características e propriedades dos objetos (textura, massa, tamanho).",,,,,,,,,
EI02ET02,Educação Infantil,Crianças bem pequenas (1a7m a 3a11m),"Espaços, tempos, quantidades, relações e transformações",,02,"Observar, relatar e descrever incidentes do cotidiano e fenômenos naturais (luz solar, vento, chuva etc.).",,,,,,,,,
EI02ET03,Educação Infantil,Crianças bem pequenas (1a7m a 3a11m),"Espaços, tempos, quantidades, relações e transformações",,03,"Compartilhar, com outras crianças, situações de cuidado de plantas e animais nos espaços da instituição e fora dela.",,,,,,,,,
EI02ET04,Educação Infantil,Crianças bem pequenas (1a7m a 3a11m),"Espaços, tempos, quantidades, relações e transformações",,04,"Identificar relações espaciais (dentro e fora, em cima, embaixo, acima, abaixo, entre e do lado) e temporais (antes, durante e depois).",,,,,,,,,
EI02ET05,Educação Infantil,Crianças bem pequenas (1a7m a 3a11m),"Espaços, tempos, quantidades, relações e transformações",,05,"Classificar objetos, considerando determinado atributo (tamanho, peso, cor, forma etc.).",,,,,,,,,
EI02ET06,Educação Infantil,Crianças bem pequenas (1a7m a 3a11m),"Espaços, tempos, quantidades, relações e transformações",,06,"Utilizar conceitos básicos de tempo (agora, antes, durante, depois, ontem, hoje, amanhã, lento, rápido, depressa, devagar).",,,,,,,,,
EI02ET07,Educação Infantil,Crianças bem pequenas (1a7m a 3a11m),"Espaços, tempos, quantidades, relações e transformações",,07,"Contar oralmente objetos, pessoas, livros etc., em contextos diversos.",,,,,,,,,
EI02ET08,Educação Infantil,Crianças bem pequenas (1a7m a 3a11m),"Espaços, tempos, quantidades, relações e transformações",,08,"Registrar com números a quantidade de crianças (meninas e meninos, presentes e ausentes) e a quantidade de objetos da mesma natureza (bonecas, bolas, livros etc.).",,,,,,,,,
EI02TS01,Educação Infantil,Crianças bem pequenas (1a7m a 3a11m),"Traços, sons, cores e formas",,01,"Criar sons com materiais, objetos e instrumentos musicais, para acompanhar diversos ritmos de música.",,,,,,,,,
EI02TS02,Educação Infantil,Crianças bem pequenas (1a7m a 3a11m),"Traços, sons, cores e formas",,02,"Utilizar materiais variados com possibilidades de manipulação (argila, massa de modelar), explorando cores, texturas, superfícies, planos, formas e volumes ao criar objetos tridimensionais.",,,,,,,,,
EI02TS03,Educação Infantil,Crianças bem pequenas (1a7m a 3a11m),"Traços, sons, cores e formas",,03,"Utilizar diferentes fontes sonoras disponíveis no ambiente em brincadeiras cantadas, canções, músicas e melodias.",,,,,,,,,
EI03CG01,Educação Infantil,Crianças pequenas (4a a 5a11m),"Corpo, gestos e movimentos",,01,"Criar com o corpo formas diversificadas de expressão de sentimentos, sensações e emoções, tanto nas situações do cotidiano quanto em brincadeiras, dança, teatro, música.",,,,,,,,,
EI03CG02,Educação Infantil,Crianças pequenas (4a a 5a11m),"Corpo, gestos e movimentos",,02,"Demonstrar controle e adequação do uso de seu corpo em brincadeiras e jogos, escuta e reconto de histórias, atividades artísticas, entre outras possibilidades.",,,,,,,,,
EI03CG03,Educação Infantil,Crianças pequenas (4a a 5a11m),"Corpo, gestos e movimentos",,03,"Criar movimentos, gestos, olhares e mímicas em brincadeiras, jogos e atividades artísticas como dança, teatro e música.",,,,,,,,,
EI03CG04,Educação Infantil,Crianças pequenas (4a a 5a11m),"Corpo, gestos e movimentos",,04,"Adotar hábitos de autocuidado relacionados a higiene, alimentação, conforto e aparência.",,,,,,,,,
EI03CG05,Educação Infantil,Crianças pequenas (4a a 5a11m),"Corpo, gestos e movimentos",,05,Coordenar suas habilidades manuais no atendimento adequado a seus interesses e necessidades em situações diversas.,,,,,,,,,
EI03EF01,Educação Infantil,Crianças pequenas (4a a 5a11m),"Escuta, fala, pensamento e imaginação",,01,"Expressar ideias, desejos e sentimentos sobre suas vivências, por meio da linguagem oral e escrita (escrita espontânea), de fotos, desenhos e outras formas de expressão.",,,,,,,,,
EI03EF02,Educação Infantil,Crianças pequenas (4a a 5a11m),"Escuta, fala, pensamento e imaginação",,02,"Inventar brincadeiras cantadas, poemas e canções, criando rimas, aliterações e ritmos.",,,,,,,,,
EI03EF03,Educação Infantil,Crianças pequenas (4a a 5a11m),"Escuta, fala, pensamento e imaginação",,03,"Escolher e folhear livros, procurando orientar-se por temas e ilustrações e tentando identificar palavras conhecidas.",,,,,,,,,
EI03EF04,Educação Infantil,Crianças pequenas (4a a 5a11m),"Escuta, fala, pensamento e imaginação",,04,"Recontar histórias ouvidas e planejar coletivamente roteiros de vídeos e de encenações, definindo os contextos, os personagens, a estrutura da história.",,,,,,,,,
EI03EF05,Educação Infantil,Crianças pequenas (4a a 5a11m),"Escuta, fala, pensamento e imaginação",,05,"Recontar histórias ouvidas para produção de reconto escrito, tendo o professor como escriba.",,,,,,,,,
EI03EF06,Educação Infantil,Crianças pequenas (4a a 5a11m),"Escuta, fala, pensamento e imaginação",,06,"Produzir suas próprias histórias orais e escritas (escrita espontânea), em situações com função social significativa.",,,,,,,,,
EI03EF07,Educação Infantil,Crianças pequenas (4a a 5a11m),"Escuta, fala, pensamento e imaginação",,07,"Levantar hipóteses sobre gêneros textuais veiculados em portadores conhecidos, recorrendo a estratégias de observação gráfica e/ou de leitura.",,,,,,,,,
EI03EF08,Educação Infantil,Crianças pequenas (4a a 5a11m),"Escuta, fala, pensamento e imaginação",,08,"Selecionar livros e textos de gêneros conhecidos para a leitura de um adulto e/ou para sua própria leitura (partindo de seu repertório sobre esses textos, como a recuperação pela memória, pela leitura das ilustrações etc.).",,,,,,,,,
EI03EF09,Educação Infantil,Crianças pequenas (4a a 5a11m),"Escuta, fala, pensamento e imaginação",,09,"Levantar hipóteses em relação à linguagem escrita, realizando registros de palavras e textos, por meio de escrita espontânea.",,,,,,,,,
EI03EO01,Educação Infantil,Crianças pequenas (4a a 5a11m),"O eu, o outro e o nós",,01,"Demonstrar empatia pelos outros, percebendo que as pessoas têm diferentes sentimentos, necessidades e maneiras de pensar e agir.",,,,,,,,,
EI03EO02,Educação Infantil,Crianças pequenas (4a a 5a11m),"O eu, o outro e o nós",,02,"Agir de maneira independente, com confiança em suas capacidades, reconhecendo suas conquistas e limitações.",,,,,,,,,
EI03EO03,Educação Infantil,Crianças pequenas (4a a 5a11m),"O eu, o outro e o nós",,03,"Ampliar as relações interpessoais, desenvolvendo atitudes de participação e cooperação.",,,,,,,,,
EI03EO04,Educação Infantil,Crianças pequenas (4a a 5a11m),"O eu, o outro e o nós",,04,Comunicar suas ideias e sentimentos a pessoas e grupos diversos.,,,,,,,,,
EI03EO05,Educação Infantil,Crianças pequenas (4a a 5a11m),"O eu, o outro e o nós",,05,Demonstrar valorização das características de seu corpo e respeitar as características dos outros (crianças e adultos) com os quais convive.,,,,,,,,,
EI03EO06,Educação Infantil,Crianças pequenas (4a a 5a11m),"O eu, o outro e o nós",,06,Manifestar interesse e respeito por diferentes culturas e modos de vida.,,,,,,,,,
EI03EO07,Educação Infantil,Crianças pequenas (4a a 5a11m),"O eu, o outro e o nós",,07,Usar estratégias pautadas no respeito mútuo para lidar com conflitos nas interações com crianças e adultos.,,,,,,,,,
EI03ET01,Educação Infantil,Crianças pequenas (4a a 5a11m),"Espaços, tempos, quantidades, relações e transformações",,01,"Estabelecer relações de comparação entre objetos, observando suas propriedades.",,,,,,,,,
EI03ET02,Educação Infantil,Crianças pequenas (4a a 5a11m),"Espaços, tempos, quantidades, relações e transformações",,02,"Observar e descrever mudanças em diferentes materiais, resultantes de ações sobre eles, em experimentos envolvendo fenômenos naturais e artificiais.",,,,,,,,,
EI03ET03,Educação Infantil,Crianças pequenas (4a a 5a11m),"Espaços, tempos, quantidades, relações e transformações",,03,"Identificar e selecionar fontes de informações, para responder a questões sobre a natureza, seus fenômenos, sua conservação.",,,,,,,,,
EI03ET04,Educação Infantil,Crianças pequenas (4a a 5a11m),"Espaços, tempos, quantidades, relações e transformações",,04,"Registrar observações, manipulações e medidas, usando múltiplas linguagens (desenho, registro por números ou escrita espontânea), em diferentes suportes.",,,,,,,,,
EI03ET05,Educação Infantil,Crianças pequenas (4a a 5a11m),"Espaços, tempos, quantidades, relações e transformações",,05,Classificar objetos e figuras de acordo com suas semelhanças e diferenças.,,,,,,,,,
EI03ET06,Educação Infantil,Crianças pequenas (4a a 5a11m),"Espaços, tempos, quantidades, relações e transformações",,06,"Relatar fatos importantes sobre seu nascimento e desenvolvimento, a história dos seus familiares e da sua comunidade.",,,,,,,,,
EI03ET07,Educação Infantil,Crianças pequenas (4a a 5a11m),"Espaços, tempos, quantidades, relações e transformações",,07,"Relacionar números às suas respectivas quantidades e identificar o antes, o depois e o entre em uma sequência.",,,,,,,,,
EI03ET08,Educação Infantil,Crianças pequenas (4a a 5a11m),"Espaços, tempos, quantidades, relações e transformações",,08,"Expressar medidas (peso, altura etc.), construindo gráficos básicos.",,,,,,,,,
EI03TS01,Educação Infantil,Crianças pequenas (4a a 5a11m),"Traços, sons, cores e formas",,01,"Utilizar sons produzidos por materiais, objetos e instrumentos musicais durante brincadeiras de faz de conta, encenações, criações musicais, festas.",,,,,,,,,
EI03TS02,Educação Infantil,Crianças pequenas (4a a 5a11m),"Traços, sons, cores e formas",,02,"Expressar-se livremente por meio de desenho, pintura, colagem, dobradura e escultura, criando produções bidimensionais e tridimensionais.",,,,,,,,,
EI03TS03,Educação Infantil,Crianças pequenas (4a a 5a11m),"Traços, sons, cores e formas",,03,"Reconhecer as qualidades do som (intensidade, duração, altura e timbre), utilizando-as em suas produções sonoras e ao ouvir músicas e sons.",,,,,,,,,
